1=clockwise	mantisse_flowrate	exponent_flowrate	temperature_top	temperature_bottom	temperature_spiral_middle_outlet	temperature_spiral_edge_outlet	voltage	current	European_standard_time_date	European_standard_time_of_day	time_t
1	3600	-2	80.32	70.4	69.73	30.96	16.48	0.1871	3.9.2015	14:28:06	1441290486
1	3600	-2	80.27	70.67	71.09	31.05	16.49	0.1861	3.9.2015	14:28:07	1441290487
1	3600	-2	80.41	71.07	71.68	30.66	16.48	0.18674	3.9.2015	14:28:08	1441290488
1	3600	-2	80.34	71.85	71.48	31.15	16.5	0.18727	3.9.2015	14:28:10	1441290490
1	3600	-2	80.01	72.25	72.46	30.76	16.49	0.18823	3.9.2015	14:28:11	1441290491
1	3600	-2	80.51	72.53	72.66	30.86	16.5	0.18664	3.9.2015	14:28:12	1441290492
1	3600	-2	80.23	72.66	71.97	31.74	16.48	0.18729	3.9.2015	14:28:13	1441290493
1	3600	-2	80.38	73.23	71.97	30.66	16.49	0.18633	3.9.2015	14:28:14	1441290494
1	3600	-2	80.44	73.22	72.56	30.66	16.44	0.18733	3.9.2015	14:28:15	1441290495
1	3600	-2	80.26	73.4	73.34	31.25	16.48	0.18691	3.9.2015	14:28:16	1441290496
1	3600	-2	80.37	74.2	72.75	31.05	16.45	0.18739	3.9.2015	14:28:18	1441290498
1	3600	-2	80.32	73.87	72.75	31.45	16.47	0.18767	3.9.2015	14:28:19	1441290499
1	3600	-2	80.27	74.01	72.85	31.84	16.45	0.18647	3.9.2015	14:28:20	1441290500
1	3600	-2	80.29	74.24	73.24	31.45	16.49	0.18706	3.9.2015	14:28:21	1441290501
1	3600	-2	80.18	74.36	73.44	31.93	16.45	0.18828	3.9.2015	14:28:22	1441290502
1	3600	-2	80.29	73.78	73.54	32.03	16.49	0.18736	3.9.2015	14:28:23	1441290503
1	3600	-2	80.04	73.81	72.75	31.93	16.48	0.18697	3.9.2015	14:28:25	1441290505
1	3600	-2	80.02	73.72	73.24	31.84	16.47	0.18691	3.9.2015	14:28:26	1441290506
1	3600	-2	80.14	73.94	73.63	31.15	16.49	0.18741	3.9.2015	14:28:27	1441290507
1	3600	-2	80.37	74.01	73.93	31.45	16.48	0.18831	3.9.2015	14:28:28	1441290508
1	3600	-2	79.93	74.83	73.54	32.32	16.47	0.18677	3.9.2015	14:28:29	1441290509
1	3600	-2	79.82	74.96	73.93	32.13	16.49	0.18644	3.9.2015	14:28:30	1441290510
1	3600	-2	80	74.95	73.93	31.45	16.48	0.18728	3.9.2015	14:28:31	1441290511
1	3600	-2	80.15	75.27	73.93	32.42	16.48	0.18719	3.9.2015	14:28:33	1441290513
1	3600	-2	79.99	74.97	74.51	32.32	16.46	0.18766	3.9.2015	14:28:34	1441290514
1	3600	-2	79.51	74.84	73.63	31.74	16.47	0.18791	3.9.2015	14:28:35	1441290515
1	3600	-2	79.76	75.7	74.61	32.52	16.47	0.18751	3.9.2015	14:28:36	1441290516
1	3600	-2	79.49	75.45	74.22	32.13	16.46	0.18811	3.9.2015	14:28:37	1441290517
1	3600	-2	79.71	75.69	74.12	32.13	16.48	0.18673	3.9.2015	14:28:38	1441290518
1	3600	-2	79.56	75.2	74.41	32.32	16.46	0.18701	3.9.2015	14:28:40	1441290520
1	3600	-2	79.48	74.7	73.73	32.81	16.5	0.18666	3.9.2015	14:28:41	1441290521
1	3600	-2	79.66	74.55	74.22	32.71	16.47	0.18705	3.9.2015	14:28:42	1441290522
1	3600	-2	79.5	74.79	73.73	32.81	16.49	0.18664	3.9.2015	14:28:43	1441290523
1	3600	-2	79.08	74.7	74.02	33.2	16.48	0.18832	3.9.2015	14:28:44	1441290524
1	3600	-2	79.17	74.95	73.24	32.81	16.51	0.18616	3.9.2015	14:28:45	1441290525
1	3600	-2	79.04	75.21	74.51	33.3	16.5	0.18668	3.9.2015	14:28:46	1441290526
1	3600	-2	78.87	75.72	74.61	33.4	16.5	0.18703	3.9.2015	14:28:48	1441290528
1	3600	-2	79.08	75.55	74.02	33.5	16.5	0.18742	3.9.2015	14:28:49	1441290529
1	3600	-2	79.15	75.37	73.05	33.3	16.49	0.18482	3.9.2015	14:28:50	1441290530
1	3600	-2	78.88	75.11	73.14	33.79	16.51	0.1851	3.9.2015	14:28:51	1441290531
1	3600	-2	78.87	74.75	72.85	33.59	16.49	0.18614	3.9.2015	14:28:52	1441290532
1	3600	-2	78.94	74.82	72.95	33.59	16.52	0.18626	3.9.2015	14:28:53	1441290533
1	3600	-2	78.63	74.64	73.14	34.28	16.48	0.18694	3.9.2015	14:28:55	1441290535
1	3600	-2	78.69	74.21	72.66	34.18	16.5	0.18611	3.9.2015	14:28:56	1441290536
1	3600	-2	78.57	74.06	73.44	33.59	16.47	0.18749	3.9.2015	14:28:57	1441290537
1	3600	-2	78.56	74.51	71.78	33.79	16.5	0.18659	3.9.2015	14:28:58	1441290538
1	3600	-2	78.18	74.06	72.56	34.38	16.48	0.18668	3.9.2015	14:28:59	1441290539
1	3600	-2	78.45	73.65	72.66	33.89	16.5	0.18728	3.9.2015	14:29:00	1441290540
1	3600	-2	78.22	73.51	72.56	34.47	16.48	0.18645	3.9.2015	14:29:02	1441290542
1	3600	-2	78.16	73.75	71.68	34.47	16.53	0.18808	3.9.2015	14:29:03	1441290543
1	3600	-2	78.16	73.49	71.87	34.77	16.51	0.1862	3.9.2015	14:29:04	1441290544
1	3600	-2	78.3	74.11	71.78	34.47	16.53	0.18756	3.9.2015	14:29:05	1441290545
1	3600	-2	78.23	74.58	70.9	34.28	16.5	0.18555	3.9.2015	14:29:06	1441290546
1	3600	-2	77.92	75.09	71.29	34.86	16.54	0.18599	3.9.2015	14:29:07	1441290547
1	3600	-2	77.92	75.13	71.09	35.35	16.53	0.18821	3.9.2015	14:29:08	1441290548
1	3600	-2	78.13	75.12	71.29	35.25	16.54	0.18668	3.9.2015	14:29:10	1441290550
1	3600	-2	77.98	75.32	70.8	34.38	16.53	0.1855	3.9.2015	14:29:11	1441290551
1	3600	-2	77.79	74.53	71.39	35.45	16.52	0.18805	3.9.2015	14:29:12	1441290552
1	3600	-2	77.84	74.99	70.21	35.55	16.53	0.18708	3.9.2015	14:29:13	1441290553
1	3600	-2	77.61	75.49	69.53	34.96	16.53	0.18754	3.9.2015	14:29:14	1441290554
1	3600	-2	77.71	75.4	69.82	35.16	16.53	0.18774	3.9.2015	14:29:15	1441290555
1	3600	-2	77.64	75.01	69.73	35.64	16.52	0.18779	3.9.2015	14:29:17	1441290557
1	3600	-2	77.62	74.69	69.43	35.35	16.52	0.1877	3.9.2015	14:29:18	1441290558
1	3600	-2	77.4	75.03	69.34	35.64	16.51	0.18686	3.9.2015	14:29:19	1441290559
1	3600	-2	77.59	75.02	69.04	35.45	16.53	0.18844	3.9.2015	14:29:20	1441290560
1	3600	-2	77.33	75.06	68.85	35.35	16.5	0.18781	3.9.2015	14:29:21	1441290561
1	3600	-2	77.53	75.06	68.95	35.64	16.55	0.18783	3.9.2015	14:29:22	1441290562
1	3600	-2	77.28	74.76	68.26	35.94	16.54	0.18805	3.9.2015	14:29:23	1441290563
1	3600	-2	77.13	74.91	68.75	35.55	16.55	0.18863	3.9.2015	14:29:25	1441290565
1	3600	-2	77.38	74.51	67.87	35.55	16.53	0.18774	3.9.2015	14:29:26	1441290566
1	3600	-2	77.31	74.53	68.16	35.84	16.55	0.18695	3.9.2015	14:29:27	1441290567
1	3600	-2	76.96	74.47	67.29	35.74	16.55	0.18784	3.9.2015	14:29:28	1441290568
1	3600	-2	77.07	74.43	67.58	35.74	16.53	0.18774	3.9.2015	14:29:29	1441290569
1	3600	-2	76.96	74.32	67.58	35.94	16.56	0.18721	3.9.2015	14:29:30	1441290570
1	3600	-2	77.12	74.32	66.99	35.74	16.52	0.18842	3.9.2015	14:29:32	1441290572
1	3600	-2	76.89	73.97	66.11	36.13	16.55	0.18709	3.9.2015	14:29:33	1441290573
1	3600	-2	76.78	73.93	66.6	36.04	16.54	0.18868	3.9.2015	14:29:34	1441290574
1	3600	-2	76.45	73.66	67.38	36.33	16.53	0.18571	3.9.2015	14:29:35	1441290575
1	3600	-2	76.5	73.65	66.31	35.74	16.54	0.18726	3.9.2015	14:29:36	1441290576
1	3600	-2	76.49	73.83	66.7	36.62	16.51	0.18672	3.9.2015	14:29:37	1441290577
1	3600	-2	76.53	73.49	65.92	35.94	16.56	0.1887	3.9.2015	14:29:39	1441290579
1	3600	-2	76.36	73.17	65.53	35.74	16.53	0.18717	3.9.2015	14:29:40	1441290580
1	3600	-2	76.44	73.58	65.23	37.01	16.56	0.18776	3.9.2015	14:29:41	1441290581
1	3600	-2	76.37	73.64	64.75	35.94	16.53	0.18721	3.9.2015	14:29:42	1441290582
1	3600	-2	76.08	73.32	65.33	36.52	16.57	0.18688	3.9.2015	14:29:43	1441290583
1	3600	-2	76.05	74.21	64.55	35.84	16.56	0.18878	3.9.2015	14:29:44	1441290584
1	3600	-2	76.15	74.31	64.26	35.84	16.55	0.18958	3.9.2015	14:29:45	1441290585
1	3600	-2	76.12	74.25	64.55	35.35	16.58	0.18818	3.9.2015	14:29:47	1441290587
1	3600	-2	75.74	74	64.55	36.23	16.55	0.18746	3.9.2015	14:29:48	1441290588
1	3600	-2	75.82	73.66	63.48	36.23	16.59	0.1883	3.9.2015	14:29:49	1441290589
1	3600	-2	75.86	73.51	63.67	36.04	16.56	0.18761	3.9.2015	14:29:50	1441290590
1	3600	-2	75.77	73.63	64.26	36.13	16.6	0.18633	3.9.2015	14:29:51	1441290591
1	3600	-2	75.67	73.4	63.38	36.33	16.58	0.18609	3.9.2015	14:29:52	1441290592
1	3600	-2	75.78	73.18	62.89	35.45	16.58	0.18679	3.9.2015	14:29:54	1441290594
1	3600	-2	75.32	73.55	62.79	35.55	16.56	0.18825	3.9.2015	14:29:55	1441290595
1	3600	-2	75.45	73.63	62.99	35.84	16.57	0.18757	3.9.2015	14:29:56	1441290596
1	3600	-2	75.3	73.86	63.48	36.23	16.57	0.18659	3.9.2015	14:29:57	1441290597
1	3600	-2	75.37	73.31	62.6	35.94	16.57	0.18641	3.9.2015	14:29:58	1441290598
1	3600	-2	75.19	73.05	62.89	35.84	16.58	0.18665	3.9.2015	14:29:59	1441290599
1	3600	-2	75.38	73.32	61.82	35.94	16.57	0.18911	3.9.2015	14:30:00	1441290600
1	3600	-2	75.17	72.84	63.38	36.43	16.58	0.1874	3.9.2015	14:30:02	1441290602
1	3600	-2	74.87	72.8	62.3	36.82	16.58	0.18693	3.9.2015	14:30:03	1441290603
1	3600	-2	74.93	72.81	61.91	36.13	16.62	0.18941	3.9.2015	14:30:04	1441290604
1	3600	-2	74.67	72.49	61.43	35.94	16.58	0.18709	3.9.2015	14:30:05	1441290605
1	3600	-2	74.79	72.9	61.04	36.91	16.58	0.18678	3.9.2015	14:30:06	1441290606
1	3600	-2	74.65	72.56	61.13	36.23	16.6	0.18855	3.9.2015	14:30:07	1441290607
1	3600	-2	74.76	72.84	61.52	35.84	16.58	0.18734	3.9.2015	14:30:09	1441290609
1	3600	-2	74.62	73.02	61.04	36.52	16.61	0.18956	3.9.2015	14:30:10	1441290610
1	3600	-2	74.34	72.88	61.52	36.23	16.59	0.18826	3.9.2015	14:30:11	1441290611
1	3600	-2	74.44	72.61	60.64	36.62	16.61	0.18823	3.9.2015	14:30:12	1441290612
1	3600	-2	74.49	72.67	60.64	35.94	16.59	0.18666	3.9.2015	14:30:13	1441290613
1	3600	-2	74.5	72.88	59.96	36.13	16.6	0.18632	3.9.2015	14:30:14	1441290614
1	3600	-2	74.34	72.87	60.64	36.23	16.58	0.18727	3.9.2015	14:30:16	1441290616
1	3600	-2	74.05	73.24	60.55	36.72	16.58	0.18678	3.9.2015	14:30:17	1441290617
1	3600	-2	74.42	73.3	60.16	36.72	16.6	0.18756	3.9.2015	14:30:18	1441290618
1	3600	-2	74.11	72.92	59.67	36.13	16.58	0.18825	3.9.2015	14:30:19	1441290619
1	3600	-2	74.38	73.03	59.77	36.23	16.61	0.18834	3.9.2015	14:30:20	1441290620
1	3600	-2	73.97	73.08	59.38	36.82	16.59	0.18826	3.9.2015	14:30:21	1441290621
1	3600	-2	73.78	73.21	59.77	36.62	16.62	0.18889	3.9.2015	14:30:22	1441290622
1	3600	-2	73.98	72.59	59.28	36.62	16.63	0.18839	3.9.2015	14:30:24	1441290624
1	3600	-2	73.96	72.23	59.08	37.01	16.63	0.18901	3.9.2015	14:30:25	1441290625
1	3600	-2	73.69	72.03	59.08	36.13	16.63	0.18917	3.9.2015	14:30:26	1441290626
1	3600	-2	73.95	72.05	58.69	36.04	16.64	0.18919	3.9.2015	14:30:27	1441290627
1	3600	-2	73.61	72.49	58.89	36.62	16.62	0.18854	3.9.2015	14:30:28	1441290628
1	3600	-2	73.57	72.53	59.38	36.52	16.64	0.18736	3.9.2015	14:30:29	1441290629
1	3600	-2	73.55	72.97	59.18	36.23	16.62	0.18857	3.9.2015	14:30:31	1441290631
1	3600	-2	73.44	73.21	58.01	36.33	16.61	0.18838	3.9.2015	14:30:32	1441290632
1	3600	-2	73.57	73.1	58.4	36.33	16.64	0.18828	3.9.2015	14:30:33	1441290633
1	3600	-2	73.21	73.02	58.3	37.01	16.61	0.1879	3.9.2015	14:30:34	1441290634
1	3600	-2	73.16	73.22	57.81	36.13	16.63	0.18903	3.9.2015	14:30:35	1441290635
1	3600	-2	73.35	73.12	57.03	35.94	16.59	0.1887	3.9.2015	14:30:36	1441290636
1	3600	-2	73.39	72.78	57.52	36.82	16.63	0.18896	3.9.2015	14:30:37	1441290637
1	3600	-2	73.44	72.88	57.52	36.62	16.61	0.1883	3.9.2015	14:30:39	1441290639
1	3600	-2	73.03	72.3	57.32	37.01	16.62	0.1879	3.9.2015	14:30:40	1441290640
1	3600	-2	73	72.71	57.32	36.72	16.62	0.18716	3.9.2015	14:30:41	1441290641
1	3600	-2	73.1	72.87	57.42	36.82	16.62	0.18884	3.9.2015	14:30:42	1441290642
1	3600	-2	72.85	72.48	56.64	36.43	16.64	0.18757	3.9.2015	14:30:43	1441290643
1	3600	-2	72.84	72.43	57.23	37.01	16.62	0.18718	3.9.2015	14:30:44	1441290644
1	3600	-2	72.81	72.02	56.54	36.72	16.64	0.18862	3.9.2015	14:30:46	1441290646
1	3600	-2	72.68	71.73	55.76	36.82	16.63	0.18962	3.9.2015	14:30:47	1441290647
1	3600	-2	73	71.56	56.15	36.91	16.64	0.189	3.9.2015	14:30:48	1441290648
1	3600	-2	72.51	70.93	56.35	36.91	16.65	0.1892	3.9.2015	14:30:49	1441290649
1	3600	-2	72.68	70.89	56.84	36.43	16.62	0.18892	3.9.2015	14:30:50	1441290650
1	3600	-2	72.55	70.8	56.05	36.62	16.65	0.18941	3.9.2015	14:30:51	1441290651
1	3600	-2	72.52	70.92	56.45	36.91	16.62	0.18815	3.9.2015	14:30:53	1441290653
1	3600	-2	72.57	70.7	56.84	36.72	16.65	0.18952	3.9.2015	14:30:54	1441290654
1	3600	-2	72.29	70.76	55.27	36.91	16.62	0.19006	3.9.2015	14:30:55	1441290655
1	3600	-2	72.44	70.84	55.76	36.43	16.62	0.18823	3.9.2015	14:30:56	1441290656
1	3600	-2	72.24	71	56.05	36.72	16.65	0.18861	3.9.2015	14:30:57	1441290657
1	3600	-2	72.24	71.15	55.57	36.62	16.62	0.18836	3.9.2015	14:30:58	1441290658
1	3600	-2	72.38	71.46	55.47	36.62	16.62	0.18853	3.9.2015	14:30:59	1441290659
1	3600	-2	72.01	71.25	55.47	36.33	16.64	0.18834	3.9.2015	14:31:01	1441290661
1	3600	-2	72	71.12	55.47	36.33	16.64	0.18945	3.9.2015	14:31:02	1441290662
1	3600	-2	71.99	70.96	55.37	36.33	16.65	0.18833	3.9.2015	14:31:03	1441290663
1	3600	-2	71.98	71.25	54.79	37.01	16.67	0.18896	3.9.2015	14:31:04	1441290664
1	3600	-2	71.88	70.67	54.69	36.62	16.66	0.18901	3.9.2015	14:31:05	1441290665
1	3600	-2	71.65	70.47	54.98	36.72	16.65	0.18865	3.9.2015	14:31:06	1441290666
1	3600	-2	71.72	70.59	54.69	36.91	16.66	0.18887	3.9.2015	14:31:08	1441290668
1	3600	-2	71.55	70.06	54.49	36.91	16.64	0.18914	3.9.2015	14:31:09	1441290669
1	3600	-2	71.74	70.34	54.3	36.82	16.68	0.18935	3.9.2015	14:31:10	1441290670
1	3600	-2	71.65	70.09	54.2	36.72	16.65	0.18809	3.9.2015	14:31:11	1441290671
1	3600	-2	71.67	70.38	54.39	36.91	16.66	0.18782	3.9.2015	14:31:12	1441290672
1	3600	-2	71.84	70.67	54.39	37.01	16.68	0.1898	3.9.2015	14:31:13	1441290673
1	3600	-2	71.66	70.73	53.71	36.82	16.63	0.18885	3.9.2015	14:31:14	1441290674
1	3600	-2	71.48	70.69	55.08	37.21	16.67	0.18887	3.9.2015	14:31:16	1441290676
1	3600	-2	71.48	71	54.1	37.01	16.66	0.18768	3.9.2015	14:31:17	1441290677
1	3600	-2	71.03	71.28	53.71	37.4	16.66	0.1875	3.9.2015	14:31:18	1441290678
1	3600	-2	71.3	71.33	53.03	36.72	16.68	0.18792	3.9.2015	14:31:19	1441290679
1	3600	-2	71.07	71.71	53.32	36.72	16.66	0.18893	3.9.2015	14:31:20	1441290680
1	3600	-2	71.22	71.78	53.22	37.5	16.66	0.18843	3.9.2015	14:31:21	1441290681
1	3600	-2	71.07	71.87	53.32	36.91	16.68	0.189	3.9.2015	14:31:23	1441290683
1	3600	-2	71.05	71.61	53.71	37.01	16.68	0.18844	3.9.2015	14:31:24	1441290684
1	3600	-2	71.03	71.98	52.93	37.4	16.69	0.18716	3.9.2015	14:31:25	1441290685
1	3600	-2	70.98	72.23	52.93	36.82	16.67	0.1897	3.9.2015	14:31:26	1441290686
1	3600	-2	70.98	71.9	53.13	36.23	16.68	0.18865	3.9.2015	14:31:27	1441290687
1	3600	-2	71.17	71.79	52.73	37.21	16.68	0.18865	3.9.2015	14:31:28	1441290688
1	3600	-2	70.72	71.75	53.32	37.4	16.68	0.18893	3.9.2015	14:31:29	1441290689
1	3600	-2	70.81	71.31	52.83	37.4	16.67	0.18919	3.9.2015	14:31:31	1441290691
1	3600	-2	70.74	70.96	53.22	37.11	16.72	0.18984	3.9.2015	14:31:32	1441290692
1	3600	-2	70.71	71.03	53.32	37.4	16.66	0.18822	3.9.2015	14:31:33	1441290693
1	3600	-2	70.77	70.74	53.13	37.01	16.66	0.18836	3.9.2015	14:31:34	1441290694
1	3600	-2	70.62	70.65	52.83	37.01	16.7	0.18819	3.9.2015	14:31:35	1441290695
1	3600	-2	70.74	70.64	52.25	37.4	16.66	0.18815	3.9.2015	14:31:36	1441290696
1	3600	-2	70.4	70.59	52.25	37.3	16.69	0.18807	3.9.2015	14:31:38	1441290698
1	3600	-2	70.69	70.79	51.95	37.89	16.7	0.1881	3.9.2015	14:31:39	1441290699
1	3600	-2	70.55	70.55	51.56	37.6	16.66	0.18827	3.9.2015	14:31:40	1441290700
1	3600	-2	70.6	70.16	51.86	37.11	16.68	0.18877	3.9.2015	14:31:41	1441290701
1	3600	-2	70.39	70.08	51.95	36.91	16.68	0.18879	3.9.2015	14:31:42	1441290702
1	3600	-2	70.39	69.96	51.66	37.11	16.69	0.18958	3.9.2015	14:31:43	1441290703
1	3600	-2	70.31	69.89	51.66	36.91	16.71	0.18859	3.9.2015	14:31:45	1441290705
1	3600	-2	70.2	69.62	51.95	37.11	16.66	0.18863	3.9.2015	14:31:46	1441290706
1	3600	-2	70.24	70.05	51.56	36.91	16.71	0.18888	3.9.2015	14:31:47	1441290707
1	3600	-2	70.18	69.87	51.17	37.7	16.69	0.1884	3.9.2015	14:31:48	1441290708
1	3600	-2	69.96	69.82	51.27	37.01	16.68	0.18804	3.9.2015	14:31:49	1441290709
1	3600	-2	70.06	69.49	51.95	37.6	16.72	0.18846	3.9.2015	14:31:50	1441290710
1	3600	-2	70.06	69.68	51.07	37.3	16.68	0.18834	3.9.2015	14:31:51	1441290711
1	3600	-2	69.87	69.45	51.66	37.4	16.71	0.18822	3.9.2015	14:31:53	1441290713
1	3600	-2	69.78	69.53	51.07	38.18	16.71	0.18875	3.9.2015	14:31:54	1441290714
1	3600	-2	69.96	69.58	50.68	37.6	16.67	0.18781	3.9.2015	14:31:55	1441290715
1	3600	-2	69.82	69.76	51.17	37.89	16.69	0.18823	3.9.2015	14:31:56	1441290716
1	3600	-2	69.84	70.17	50.68	37.6	16.7	0.18883	3.9.2015	14:31:57	1441290717
1	3600	-2	69.87	70.19	50.78	38.09	16.67	0.18925	3.9.2015	14:31:58	1441290718
1	3600	-2	69.7	70.52	50.78	37.4	16.69	0.18811	3.9.2015	14:32:00	1441290720
1	3600	-2	69.56	70.04	51.37	37.3	16.7	0.18811	3.9.2015	14:32:01	1441290721
1	3600	-2	69.7	70.21	50.68	38.09	16.69	0.18778	3.9.2015	14:32:02	1441290722
1	3600	-2	69.66	70.25	50.59	37.89	16.71	0.18761	3.9.2015	14:32:03	1441290723
1	3600	-2	69.6	70.52	50.1	37.4	16.73	0.18826	3.9.2015	14:32:04	1441290724
1	3600	-2	69.68	70.54	50.1	38.09	16.7	0.18878	3.9.2015	14:32:05	1441290725
1	3600	-2	69.54	70.49	50.1	38.18	16.73	0.18763	3.9.2015	14:32:06	1441290726
1	3600	-2	69.58	70.65	50.39	37.7	16.72	0.18794	3.9.2015	14:32:08	1441290728
1	3600	-2	69.32	70.58	50.1	38.67	16.72	0.18792	3.9.2015	14:32:09	1441290729
1	3600	-2	69.62	70.66	49.9	37.5	16.74	0.18863	3.9.2015	14:32:10	1441290730
1	3600	-2	69.45	70.73	50.68	38.18	16.71	0.18806	3.9.2015	14:32:11	1441290731
1	3600	-2	69.36	70.41	50.49	37.4	16.73	0.18944	3.9.2015	14:32:12	1441290732
1	3600	-2	69.33	70.59	49.71	37.79	16.72	0.18909	3.9.2015	14:32:13	1441290733
1	3600	-2	69.26	70.29	49.61	37.89	16.7	0.1885	3.9.2015	14:32:15	1441290735
1	3600	-2	68.94	70.03	49.9	37.7	16.72	0.18727	3.9.2015	14:32:16	1441290736
1	3600	-2	68.92	70.34	50	38.18	16.72	0.18966	3.9.2015	14:32:17	1441290737
1	3600	-2	68.96	70.31	49.12	38.38	16.7	0.18831	3.9.2015	14:32:18	1441290738
1	3600	-2	69.12	70.21	50	38.09	16.73	0.18839	3.9.2015	14:32:19	1441290739
1	3600	-2	69.07	69.92	49.22	38.48	16.7	0.18807	3.9.2015	14:32:20	1441290740
1	3600	-2	69.04	69.7	49.41	37.79	16.72	0.18772	3.9.2015	14:32:22	1441290742
1	3600	-2	69.05	69.46	49.32	37.89	16.74	0.18791	3.9.2015	14:32:23	1441290743
1	3600	-2	68.67	69.08	49.32	37.89	16.71	0.18869	3.9.2015	14:32:24	1441290744
1	3600	-2	68.76	69.3	49.22	37.7	16.75	0.18787	3.9.2015	14:32:25	1441290745
1	3600	-2	68.81	69.07	49.02	38.57	16.74	0.18743	3.9.2015	14:32:26	1441290746
1	3600	-2	69.22	69.18	49.32	38.38	16.71	0.18777	3.9.2015	14:32:27	1441290747
1	3600	-2	68.93	69.15	49.22	37.6	16.74	0.18804	3.9.2015	14:32:28	1441290748
1	3600	-2	68.77	68.64	49.32	38.87	16.72	0.18847	3.9.2015	14:32:30	1441290750
1	3600	-2	68.49	68.43	48.44	38.48	16.72	0.18861	3.9.2015	14:32:31	1441290751
1	3600	-2	68.68	68.33	49.02	38.28	16.74	0.18912	3.9.2015	14:32:32	1441290752
1	3600	-2	68.51	68.51	48.73	38.48	16.72	0.18667	3.9.2015	14:32:33	1441290753
1	3600	-2	68.53	68.16	49.22	38.28	16.73	0.18762	3.9.2015	14:32:34	1441290754
1	3600	-2	68.79	68.21	49.02	38.38	16.73	0.1883	3.9.2015	14:32:35	1441290755
1	3600	-2	68.5	67.89	48.44	38.28	16.69	0.18574	3.9.2015	14:32:37	1441290757
1	3600	-2	68.55	67.95	48.14	38.09	16.73	0.1879	3.9.2015	14:32:38	1441290758
1	3600	-2	68.49	67.84	48.54	38.18	16.72	0.18776	3.9.2015	14:32:39	1441290759
1	3600	-2	68.51	67.81	48.44	38.38	16.71	0.18796	3.9.2015	14:32:40	1441290760
1	3600	-2	68.34	67.88	48.14	38.48	16.73	0.18791	3.9.2015	14:32:41	1441290761
1	3600	-2	68.12	67.85	48.83	38.28	16.72	0.18874	3.9.2015	14:32:42	1441290762
1	3600	-2	68.2	67.69	48.05	38.28	16.75	0.18765	3.9.2015	14:32:43	1441290763
1	3600	-2	68.29	67.41	48.93	38.38	16.74	0.18793	3.9.2015	14:32:45	1441290765
1	3600	-2	68.4	67.6	48.05	39.06	16.73	0.18783	3.9.2015	14:32:46	1441290766
1	3600	-2	68.19	67.2	47.75	38.18	16.76	0.18788	3.9.2015	14:32:47	1441290767
1	3600	-2	68.34	66.91	48.05	38.48	16.72	0.18816	3.9.2015	14:32:48	1441290768
1	3600	-2	68.27	66.76	48.14	38.09	16.74	0.18882	3.9.2015	14:32:49	1441290769
1	3600	-2	68.09	66.65	48.14	38.18	16.75	0.18887	3.9.2015	14:32:50	1441290770
1	3600	-2	67.96	66.2	48.14	37.79	16.71	0.1894	3.9.2015	14:32:52	1441290772
1	3600	-2	68.13	66.51	48.44	38.87	16.76	0.18899	3.9.2015	14:32:53	1441290773
1	3600	-2	68.19	66.07	48.05	38.96	16.72	0.18853	3.9.2015	14:32:54	1441290774
1	3600	-2	67.95	66.39	47.85	38.48	16.73	0.18957	3.9.2015	14:32:55	1441290775
1	3600	-2	67.85	66.73	47.75	38.18	16.73	0.18802	3.9.2015	14:32:56	1441290776
1	3600	-2	68.17	66.44	47.46	38.57	16.72	0.18807	3.9.2015	14:32:57	1441290777
1	3600	-2	68.03	67.05	48.05	39.06	16.76	0.18819	3.9.2015	14:32:59	1441290779
1	3600	-2	67.91	66.78	47.75	38.77	16.72	0.19001	3.9.2015	14:33:00	1441290780
1	3600	-2	67.78	66.78	47.46	38.38	16.75	0.18803	3.9.2015	14:33:01	1441290781
1	3600	-2	67.69	67.2	47.36	38.77	16.74	0.18984	3.9.2015	14:33:02	1441290782
1	3600	-2	67.75	66.73	47.75	38.77	16.73	0.18871	3.9.2015	14:33:03	1441290783
1	3600	-2	67.88	67.13	47.85	38.57	16.77	0.18966	3.9.2015	14:33:04	1441290784
1	3600	-2	67.86	67.38	48.05	39.06	16.75	0.19	3.9.2015	14:33:05	1441290785
1	3600	-2	67.59	67.81	48.14	38.48	16.75	0.18789	3.9.2015	14:33:07	1441290787
1	3600	-2	67.62	68.24	47.56	38.96	16.78	0.1876	3.9.2015	14:33:08	1441290788
1	3600	-2	67.69	68.47	47.36	38.96	16.74	0.18815	3.9.2015	14:33:09	1441290789
1	3600	-2	67.49	68.74	47.46	38.96	16.78	0.18826	3.9.2015	14:33:10	1441290790
1	3600	-2	67.53	68.89	47.56	38.57	16.77	0.18874	3.9.2015	14:33:11	1441290791
1	3600	-2	67.64	68.76	47.36	39.45	16.77	0.18928	3.9.2015	14:33:12	1441290792
1	3600	-2	67.36	68.98	47.75	38.48	16.77	0.1887	3.9.2015	14:33:14	1441290794
1	3600	-2	67.49	68.98	47.46	38.77	16.76	0.18856	3.9.2015	14:33:15	1441290795
1	3600	-2	67.15	68.96	47.75	39.16	16.75	0.1886	3.9.2015	14:33:16	1441290796
1	3600	-2	67.43	68.59	47.17	39.16	16.78	0.18981	3.9.2015	14:33:17	1441290797
1	3600	-2	67.27	68.34	47.75	38.67	16.75	0.18912	3.9.2015	14:33:18	1441290798
1	3600	-2	67.29	68.42	47.27	38.57	16.78	0.18939	3.9.2015	14:33:19	1441290799
1	3600	-2	67.33	68.23	47.46	39.06	16.77	0.18875	3.9.2015	14:33:20	1441290800
1	3600	-2	67.19	67.94	47.75	38.57	16.76	0.18882	3.9.2015	14:33:22	1441290802
1	3600	-2	67.28	67.65	46.78	39.36	16.79	0.18929	3.9.2015	14:33:23	1441290803
1	3600	-2	67.28	67.9	47.36	39.26	16.75	0.18868	3.9.2015	14:33:24	1441290804
1	3600	-2	67.13	68.27	47.17	39.65	16.77	0.18888	3.9.2015	14:33:25	1441290805
1	3600	-2	67.22	68.46	46.78	39.36	16.78	0.18766	3.9.2015	14:33:26	1441290806
1	3600	-2	67.04	68.32	46.68	38.67	16.76	0.18806	3.9.2015	14:33:27	1441290807
1	3600	-2	67.18	68.69	47.07	39.36	16.79	0.18883	3.9.2015	14:33:29	1441290809
1	3600	-2	66.9	68.01	47.17	39.26	16.77	0.18826	3.9.2015	14:33:30	1441290810
1	3600	-2	67.06	68.05	46.68	38.48	16.79	0.18944	3.9.2015	14:33:31	1441290811
1	3600	-2	66.88	68.23	46.78	39.26	16.79	0.18941	3.9.2015	14:33:32	1441290812
1	3600	-2	66.91	67.99	47.07	38.87	16.77	0.18905	3.9.2015	14:33:33	1441290813
1	3600	-2	66.86	67.65	46.68	39.16	16.78	0.18879	3.9.2015	14:33:34	1441290814
1	3600	-2	66.84	67.5	46.88	39.36	16.76	0.18943	3.9.2015	14:33:35	1441290815
1	3600	-2	66.57	67.8	46.78	39.06	16.76	0.18896	3.9.2015	14:33:37	1441290817
1	3600	-2	66.65	67.5	46.88	39.36	16.78	0.18954	3.9.2015	14:33:38	1441290818
1	3600	-2	66.66	67.03	47.56	39.94	16.75	0.18872	3.9.2015	14:33:39	1441290819
1	3600	-2	66.67	67.18	46.78	39.75	16.78	0.18835	3.9.2015	14:33:40	1441290820
1	3600	-2	66.69	67.05	46.97	38.96	16.75	0.1894	3.9.2015	14:33:41	1441290821
1	3600	-2	66.53	66.87	47.27	39.45	16.78	0.18869	3.9.2015	14:33:42	1441290822
1	3600	-2	66.5	67.16	46.48	39.06	16.79	0.18942	3.9.2015	14:33:44	1441290824
1	3600	-2	66.55	67.98	46.48	38.87	16.78	0.18827	3.9.2015	14:33:45	1441290825
1	3600	-2	66.79	67.8	47.75	39.75	16.81	0.18892	3.9.2015	14:33:46	1441290826
1	3600	-2	66.32	68.2	47.27	39.16	16.78	0.18853	3.9.2015	14:33:47	1441290827
1	3600	-2	66.57	68.28	46.29	39.65	16.81	0.19023	3.9.2015	14:33:48	1441290828
1	3600	-2	66.02	67.86	46.19	38.96	16.8	0.18749	3.9.2015	14:33:49	1441290829
1	3600	-2	66.58	67.54	46.39	39.55	16.77	0.1897	3.9.2015	14:33:51	1441290831
1	3600	-2	66.27	67.85	46.58	39.16	16.83	0.18862	3.9.2015	14:33:52	1441290832
1	3600	-2	66.28	68.2	46.88	39.26	16.78	0.18932	3.9.2015	14:33:53	1441290833
1	3600	-2	66.59	67.96	46.58	39.75	16.79	0.18926	3.9.2015	14:33:54	1441290834
1	3600	-2	66.27	68.41	46.29	39.06	16.79	0.18922	3.9.2015	14:33:55	1441290835
1	3600	-2	66.39	67.97	46.48	39.94	16.79	0.18861	3.9.2015	14:33:56	1441290836
1	3600	-2	66.21	67.94	46.19	39.55	16.81	0.18939	3.9.2015	14:33:57	1441290837
1	3600	-2	66.23	67.84	46.29	39.65	16.78	0.18963	3.9.2015	14:33:59	1441290839
1	3600	-2	66.33	67.37	46.09	39.26	16.81	0.18793	3.9.2015	14:34:00	1441290840
1	3600	-2	66.11	67.27	46.48	39.55	16.81	0.1893	3.9.2015	14:34:01	1441290841
1	3600	-2	66.29	67.83	46	39.75	16.82	0.18854	3.9.2015	14:34:02	1441290842
1	3600	-2	66.17	67.98	46.19	39.94	16.82	0.19031	3.9.2015	14:34:03	1441290843
1	3600	-2	66.07	68.32	46.48	39.94	16.79	0.18864	3.9.2015	14:34:04	1441290844
1	3600	-2	66	68.07	46	39.55	16.81	0.18965	3.9.2015	14:34:06	1441290846
1	3600	-2	66.01	68.28	46.68	39.75	16.82	0.18881	3.9.2015	14:34:07	1441290847
1	3600	-2	65.95	68.21	45.8	39.84	16.79	0.18821	3.9.2015	14:34:08	1441290848
1	3600	-2	65.95	67.58	46.09	39.84	16.82	0.1888	3.9.2015	14:34:09	1441290849
1	3600	-2	65.85	67.38	45.9	39.26	16.81	0.19021	3.9.2015	14:34:10	1441290850
1	3600	-2	65.73	67.47	46.48	39.16	16.79	0.18876	3.9.2015	14:34:11	1441290851
1	3600	-2	66	67.07	45.7	39.36	16.81	0.1891	3.9.2015	14:34:12	1441290852
1	3600	-2	65.75	66.42	45.7	39.06	16.78	0.18964	3.9.2015	14:34:14	1441290854
1	3600	-2	65.99	66.15	46.19	39.45	16.79	0.18975	3.9.2015	14:34:15	1441290855
1	3600	-2	65.63	65.99	46.78	39.26	16.81	0.18799	3.9.2015	14:34:16	1441290856
1	3600	-2	65.87	66.1	45.9	40.04	16.78	0.18963	3.9.2015	14:34:17	1441290857
1	3600	-2	65.91	66.2	46.68	40.14	16.81	0.18925	3.9.2015	14:34:18	1441290858
1	3600	-2	65.84	65.98	46.68	39.75	16.8	0.1894	3.9.2015	14:34:19	1441290859
1	3600	-2	65.54	66.5	45.41	39.65	16.81	0.18903	3.9.2015	14:34:21	1441290861
1	3600	-2	65.63	66.88	46	39.65	16.82	0.18947	3.9.2015	14:34:22	1441290862
1	3600	-2	65.77	67.2	45.8	39.26	16.8	0.19006	3.9.2015	14:34:23	1441290863
1	3600	-2	65.86	67.26	45.8	39.94	16.83	0.18864	3.9.2015	14:34:24	1441290864
1	3600	-2	65.65	67.47	46	40.23	16.81	0.18913	3.9.2015	14:34:25	1441290865
1	3600	-2	65.94	67.63	45.51	40.14	16.84	0.18917	3.9.2015	14:34:26	1441290866
1	3600	-2	65.56	67.19	45.41	39.65	16.8	0.19037	3.9.2015	14:34:28	1441290868
1	3600	-2	65.92	67.38	45.8	39.84	16.81	0.19004	3.9.2015	14:34:29	1441290869
1	3600	-2	65.7	67.23	46.19	39.55	16.83	0.18808	3.9.2015	14:34:30	1441290870
1	3600	-2	65.55	67.16	46.09	39.75	16.81	0.18804	3.9.2015	14:34:31	1441290871
1	3600	-2	65.68	66.42	45.61	39.55	16.84	0.18858	3.9.2015	14:34:32	1441290872
1	3600	-2	65.7	65.77	45.7	39.65	16.8	0.18848	3.9.2015	14:34:33	1441290873
1	3600	-2	65.62	65.74	45.61	40.04	16.8	0.18953	3.9.2015	14:34:34	1441290874
1	3600	-2	65.41	65.34	45.7	39.65	16.81	0.18992	3.9.2015	14:34:36	1441290876
1	3600	-2	65.75	65.37	45.9	39.94	16.78	0.18875	3.9.2015	14:34:37	1441290877
1	3600	-2	65.5	65.32	45.7	40.23	16.83	0.1882	3.9.2015	14:34:38	1441290878
1	3600	-2	65.4	64.9	45.8	40.14	16.79	0.18821	3.9.2015	14:34:39	1441290879
1	3600	-2	65.47	65.07	45.41	40.04	16.8	0.18941	3.9.2015	14:34:40	1441290880
1	3600	-2	65.56	65.29	45.61	40.82	16.79	0.18897	3.9.2015	14:34:41	1441290881
1	3600	-2	65.61	65.05	46.48	39.84	16.8	0.18915	3.9.2015	14:34:43	1441290883
1	3600	-2	65.39	64.86	45.41	40.04	16.81	0.18856	3.9.2015	14:34:44	1441290884
1	3600	-2	65.5	64.78	45.7	40.23	16.79	0.19055	3.9.2015	14:34:45	1441290885
1	3600	-2	65.36	64.78	45.21	39.84	16.82	0.18917	3.9.2015	14:34:46	1441290886
1	3600	-2	65.44	64.79	45.51	39.94	16.8	0.18863	3.9.2015	14:34:47	1441290887
1	3600	-2	65.53	65.1	45.12	39.94	16.82	0.18787	3.9.2015	14:34:48	1441290888
1	3600	-2	65.32	65.19	45.9	40.04	16.84	0.18935	3.9.2015	14:34:49	1441290889
1	3600	-2	65.21	65.21	45.51	40.63	16.81	0.18884	3.9.2015	14:34:51	1441290891
1	3600	-2	65.4	64.83	45.41	39.94	16.83	0.19024	3.9.2015	14:34:52	1441290892
1	3600	-2	65.09	64.98	46.09	40.04	16.81	0.18853	3.9.2015	14:34:53	1441290893
1	3600	-2	65.02	65.27	46	40.63	16.81	0.1888	3.9.2015	14:34:54	1441290894
1	3600	-2	65.4	65.11	45.21	40.43	16.82	0.1893	3.9.2015	14:34:55	1441290895
1	3600	-2	65.31	64.4	45.51	39.94	16.8	0.18746	3.9.2015	14:34:56	1441290896
1	3600	-2	65.28	64.69	45.8	39.55	16.82	0.18801	3.9.2015	14:34:58	1441290898
1	3600	-2	65.2	64.99	45.7	40.63	16.8	0.1893	3.9.2015	14:34:59	1441290899
1	3600	-2	65.21	64.88	45.21	39.94	16.82	0.18942	3.9.2015	14:35:00	1441290900
1	3600	-2	65.16	65.21	45.41	40.23	16.8	0.18935	3.9.2015	14:35:01	1441290901
1	3600	-2	65.25	64.69	45.31	40.23	16.85	0.18764	3.9.2015	14:35:02	1441290902
1	3600	-2	65.29	64.76	45.41	40.33	16.84	0.1903	3.9.2015	14:35:03	1441290903
1	3600	-2	65.05	64.89	44.92	39.94	16.82	0.18921	3.9.2015	14:35:05	1441290905
1	3600	-2	65.01	64.49	45.31	40.23	16.84	0.19101	3.9.2015	14:35:06	1441290906
1	3600	-2	65.16	64.27	45.51	40.14	16.83	0.18822	3.9.2015	14:35:07	1441290907
1	3600	-2	65.27	64.19	45.21	40.92	16.85	0.18834	3.9.2015	14:35:08	1441290908
1	3600	-2	64.99	64.22	45.61	40.43	16.83	0.18794	3.9.2015	14:35:09	1441290909
1	3600	-2	64.93	64.02	45.31	40.53	16.85	0.18874	3.9.2015	14:35:10	1441290910
1	3600	-2	65.13	64.31	45.51	41.02	16.83	0.18928	3.9.2015	14:35:11	1441290911
1	3600	-2	65.43	64.27	45.31	40.23	16.84	0.18945	3.9.2015	14:35:13	1441290913
1	3600	-2	65.22	64.27	45.7	39.94	16.82	0.18939	3.9.2015	14:35:14	1441290914
1	3600	-2	64.94	64.24	45.9	40.53	16.84	0.18933	3.9.2015	14:35:15	1441290915
1	3600	-2	64.91	64.55	45.41	40.14	16.81	0.18839	3.9.2015	14:35:16	1441290916
1	3600	-2	65.1	64.42	45.31	40.23	16.83	0.18907	3.9.2015	14:35:17	1441290917
1	3600	-2	65.11	63.96	45.61	40.72	16.8	0.18928	3.9.2015	14:35:18	1441290918
1	3600	-2	65	64.13	45.02	41.02	16.83	0.18758	3.9.2015	14:35:20	1441290920
1	3600	-2	65.02	63.79	45.61	40.33	16.82	0.18897	3.9.2015	14:35:21	1441290921
1	3600	-2	65.28	64.24	45.21	41.31	16.85	0.18879	3.9.2015	14:35:22	1441290922
1	3600	-2	64.89	64.83	44.92	40.33	16.82	0.18926	3.9.2015	14:35:23	1441290923
1	3600	-2	64.83	64.86	45.9	41.11	16.85	0.18804	3.9.2015	14:35:24	1441290924
1	3600	-2	65.19	65.06	45.31	40.33	16.83	0.18789	3.9.2015	14:35:25	1441290925
1	3600	-2	65.07	65.45	45.21	40.33	16.86	0.18824	3.9.2015	14:35:26	1441290926
1	3600	-2	65.13	65.54	45.31	40.72	16.83	0.18955	3.9.2015	14:35:28	1441290928
1	3600	-2	64.85	65.56	45.12	40.72	16.87	0.18891	3.9.2015	14:35:29	1441290929
1	3600	-2	64.88	65.31	45.61	41.21	16.84	0.19022	3.9.2015	14:35:30	1441290930
1	3600	-2	65.08	65.22	45.7	40.53	16.87	0.18925	3.9.2015	14:35:31	1441290931
1	3600	-2	65	64.86	45.61	40.63	16.85	0.18878	3.9.2015	14:35:32	1441290932
1	3600	-2	64.93	64.65	45.21	40.23	16.85	0.18771	3.9.2015	14:35:33	1441290933
1	3600	-2	64.72	64.38	45.51	41.5	16.84	0.18858	3.9.2015	14:35:35	1441290935
1	3600	-2	64.84	64.68	45.7	40.92	16.85	0.1899	3.9.2015	14:35:36	1441290936
1	3600	-2	64.81	64.79	45.41	41.11	16.87	0.18808	3.9.2015	14:35:37	1441290937
1	3600	-2	64.83	64.8	44.92	40.82	16.83	0.18892	3.9.2015	14:35:38	1441290938
1	3600	-2	64.8	64.54	45.21	40.33	16.86	0.18861	3.9.2015	14:35:39	1441290939
1	3600	-2	64.8	64.73	45.02	40.53	16.86	0.18875	3.9.2015	14:35:40	1441290940
1	3600	-2	64.52	64.5	45.9	40.43	16.85	0.18943	3.9.2015	14:35:42	1441290942
1	3600	-2	64.83	64.39	45.61	40.14	16.86	0.18923	3.9.2015	14:35:43	1441290943
1	3600	-2	64.87	64.4	45.12	40.82	16.84	0.18952	3.9.2015	14:35:44	1441290944
1	3600	-2	64.87	64.38	45.12	41.02	16.86	0.19052	3.9.2015	14:35:45	1441290945
1	3600	-2	64.97	64.32	44.73	40.43	16.86	0.19057	3.9.2015	14:35:46	1441290946
1	3600	-2	64.74	64.35	45.31	40.43	16.83	0.18865	3.9.2015	14:35:47	1441290947
1	3600	-2	64.45	64.28	45.21	40.92	16.87	0.18973	3.9.2015	14:35:48	1441290948
1	3600	-2	64.78	63.96	44.92	40.33	16.84	0.1901	3.9.2015	14:35:50	1441290950
1	3600	-2	64.79	64.37	45.12	40.63	16.85	0.189	3.9.2015	14:35:51	1441290951
1	3600	-2	64.85	63.94	46.19	40.82	16.86	0.19001	3.9.2015	14:35:52	1441290952
1	3600	-2	64.62	63.91	45.41	40.72	16.83	0.1888	3.9.2015	14:35:53	1441290953
1	3600	-2	64.52	63.31	45.02	40.92	16.87	0.18909	3.9.2015	14:35:54	1441290954
1	3600	-2	64.71	63.46	45.7	40.43	16.83	0.18931	3.9.2015	14:35:55	1441290955
1	3600	-2	64.66	63.83	45.31	40.72	16.87	0.18983	3.9.2015	14:35:57	1441290957
1	3600	-2	64.57	64.01	45.21	41.11	16.84	0.18985	3.9.2015	14:35:58	1441290958
1	3600	-2	64.73	64.6	44.82	40.72	16.85	0.18918	3.9.2015	14:35:59	1441290959
1	3600	-2	64.47	64.47	45.02	41.11	16.89	0.18983	3.9.2015	14:36:00	1441290960
1	3600	-2	64.78	64.68	44.53	40.82	16.87	0.18954	3.9.2015	14:36:01	1441290961
1	3600	-2	64.55	64.77	45.21	41.11	16.9	0.18996	3.9.2015	14:36:02	1441290962
1	3600	-2	64.58	65.07	45.51	40.72	16.87	0.18953	3.9.2015	14:36:03	1441290963
1	3600	-2	64.54	65.04	44.82	40.14	16.89	0.19099	3.9.2015	14:36:05	1441290965
1	3600	-2	64.57	64.85	45.41	40.72	16.88	0.18975	3.9.2015	14:36:06	1441290966
1	3600	-2	64.63	64.44	45.8	40.72	16.86	0.19122	3.9.2015	14:36:07	1441290967
1	3600	-2	64.37	65.05	45.9	41.11	16.89	0.18838	3.9.2015	14:36:08	1441290968
1	3600	-2	64.54	65.38	44.73	40.92	16.87	0.18895	3.9.2015	14:36:09	1441290969
1	3600	-2	64.75	65.89	44.82	40.92	16.89	0.18786	3.9.2015	14:36:10	1441290970
1	3600	-2	64.38	65.84	44.92	40.43	16.87	0.1894	3.9.2015	14:36:12	1441290972
1	3600	-2	64.71	65.66	44.92	40.92	16.87	0.18974	3.9.2015	14:36:13	1441290973
1	3600	-2	64.38	65.93	45.02	41.31	16.88	0.19079	3.9.2015	14:36:14	1441290974
1	3600	-2	64.76	65.29	45.7	41.11	16.84	0.18918	3.9.2015	14:36:15	1441290975
1	3600	-2	64.36	65.62	45.02	40.92	16.86	0.1897	3.9.2015	14:36:16	1441290976
1	3600	-2	64.61	65.42	45.9	41.7	16.86	0.18863	3.9.2015	14:36:17	1441290977
1	3600	-2	64.56	64.7	44.92	40.43	16.85	0.19038	3.9.2015	14:36:19	1441290979
1	3600	-2	64.37	64.64	45.12	40.53	16.87	0.18959	3.9.2015	14:36:20	1441290980
1	3600	-2	64.37	64.27	45.7	41.02	16.85	0.18922	3.9.2015	14:36:21	1441290981
1	3600	-2	64.39	64.11	45.31	40.14	16.9	0.19026	3.9.2015	14:36:22	1441290982
1	3600	-2	64.37	64.4	45.02	40.82	16.85	0.1899	3.9.2015	14:36:23	1441290983
1	3600	-2	64.56	64.5	45.02	40.82	16.89	0.18937	3.9.2015	14:36:24	1441290984
1	3600	-2	64.47	64.61	44.73	40.53	16.88	0.18856	3.9.2015	14:36:25	1441290985
1	3600	-2	64.21	65.05	44.82	40.72	16.88	0.18933	3.9.2015	14:36:27	1441290987
1	3600	-2	64.37	65.31	45.31	41.41	16.9	0.19014	3.9.2015	14:36:28	1441290988
1	3600	-2	64.62	65.11	44.82	40.53	16.87	0.19077	3.9.2015	14:36:29	1441290989
1	3600	-2	64.51	65.44	45.21	40.72	16.9	0.18917	3.9.2015	14:36:30	1441290990
1	3600	-2	64.47	65.52	45.12	40.72	16.87	0.1885	3.9.2015	14:36:31	1441290991
1	3600	-2	64.57	65.55	45.12	41.11	16.9	0.18949	3.9.2015	14:36:32	1441290992
1	3600	-2	64.41	65.59	45.12	40.82	16.86	0.18938	3.9.2015	14:36:34	1441290994
1	3600	-2	64.13	65.13	44.92	41.41	16.86	0.18985	3.9.2015	14:36:35	1441290995
1	3600	-2	64.37	65.29	45.12	40.82	16.88	0.19014	3.9.2015	14:36:36	1441290996
1	3600	-2	64.3	65.2	44.63	40.72	16.86	0.18896	3.9.2015	14:36:37	1441290997
1	3600	-2	64.16	65.29	44.92	41.21	16.88	0.18888	3.9.2015	14:36:38	1441290998
1	3600	-2	64.27	65.47	45.61	40.82	16.86	0.18997	3.9.2015	14:36:39	1441290999
1	3600	-2	64.52	65.72	45.21	41.11	16.89	0.19027	3.9.2015	14:36:40	1441291000
1	3600	-2	64.44	65.48	44.82	41.02	16.9	0.18897	3.9.2015	14:36:42	1441291002
1	3600	-2	64.25	65.79	44.73	41.8	16.88	0.19088	3.9.2015	14:36:43	1441291003
1	3600	-2	64.22	65.95	44.43	40.92	16.9	0.18901	3.9.2015	14:36:44	1441291004
1	3600	-2	64.11	66.03	45.31	41.21	16.89	0.19069	3.9.2015	14:36:45	1441291005
1	3600	-2	64.38	65.59	45.21	41.6	16.89	0.18963	3.9.2015	14:36:46	1441291006
1	3600	-2	64.34	65.87	45.02	41.21	16.86	0.19003	3.9.2015	14:36:47	1441291007
1	3600	-2	64.57	65.96	45.61	40.53	16.87	0.19053	3.9.2015	14:36:49	1441291009
1	3600	-2	64.44	65.96	44.82	41.11	16.86	0.18965	3.9.2015	14:36:50	1441291010
1	3600	-2	64.34	65.41	44.92	41.02	16.87	0.18912	3.9.2015	14:36:51	1441291011
1	3600	-2	64.43	65.23	45.12	41.7	16.88	0.18911	3.9.2015	14:36:52	1441291012
1	3600	-2	64.41	64.8	44.73	41.99	16.86	0.18946	3.9.2015	14:36:53	1441291013
1	3600	-2	64.31	65.33	45.21	41.02	16.88	0.19034	3.9.2015	14:36:54	1441291014
1	3600	-2	64.29	65.49	45.12	40.82	16.85	0.19069	3.9.2015	14:36:56	1441291016
1	3600	-2	64.28	65.61	45.8	41.5	16.9	0.18986	3.9.2015	14:36:57	1441291017
1	3600	-2	64.17	65.07	45.02	40.92	16.86	0.19	3.9.2015	14:36:58	1441291018
1	3600	-2	64.14	64.93	45.61	41.7	16.88	0.18907	3.9.2015	14:36:59	1441291019
1	3600	-2	64.47	65.3	45.21	41.02	16.88	0.19047	3.9.2015	14:37:00	1441291020
1	3600	-2	64.37	65.15	45.31	41.11	16.89	0.19013	3.9.2015	14:37:01	1441291021
1	3600	-2	64.3	65.52	45.41	40.82	16.9	0.18973	3.9.2015	14:37:02	1441291022
1	3600	-2	64.33	65.13	45.12	41.21	16.85	0.18872	3.9.2015	14:37:04	1441291024
1	3600	-2	63.98	65.08	44.73	41.6	16.9	0.18934	3.9.2015	14:37:05	1441291025
1	3600	-2	64.26	64.85	44.82	41.99	16.87	0.19018	3.9.2015	14:37:06	1441291026
1	3600	-2	64.1	65.06	44.73	40.92	16.89	0.18888	3.9.2015	14:37:07	1441291027
1	3600	-2	64.25	64.45	44.92	41.11	16.89	0.18877	3.9.2015	14:37:08	1441291028
1	3600	-2	64.37	64.19	45.41	41.6	16.87	0.18852	3.9.2015	14:37:09	1441291029
1	3600	-2	64.23	63.55	44.92	40.72	16.88	0.18874	3.9.2015	14:37:11	1441291031
1	3600	-2	64.28	63.67	44.73	41.31	16.87	0.18863	3.9.2015	14:37:12	1441291032
1	3600	-2	64.31	63.21	45.51	41.31	16.87	0.18882	3.9.2015	14:37:13	1441291033
1	3600	-2	64.04	63.13	45.02	40.63	16.86	0.18971	3.9.2015	14:37:14	1441291034
1	3600	-2	64.44	63.77	45.12	41.02	16.85	0.19066	3.9.2015	14:37:15	1441291035
1	3600	-2	64.45	63.33	44.43	40.82	16.9	0.18979	3.9.2015	14:37:16	1441291036
1	3600	-2	64.3	63.09	45.41	41.02	16.86	0.18953	3.9.2015	14:37:17	1441291037
1	3600	-2	63.97	63.15	44.82	41.31	16.88	0.1894	3.9.2015	14:37:19	1441291039
1	3600	-2	64.53	63.45	44.73	41.21	16.87	0.1893	3.9.2015	14:37:20	1441291040
1	3600	-2	64.23	63.61	45.7	41.7	16.89	0.18825	3.9.2015	14:37:21	1441291041
1	3600	-2	64.25	63.81	44.82	41.02	16.91	0.18918	3.9.2015	14:37:22	1441291042
1	3600	-2	64.19	64.02	45.41	41.5	16.89	0.18925	3.9.2015	14:37:23	1441291043
1	3600	-2	64.14	64.03	44.92	41.31	16.91	0.18858	3.9.2015	14:37:24	1441291044
1	3600	-2	64.41	63.81	45.51	41.21	16.89	0.18909	3.9.2015	14:37:26	1441291046
1	3600	-2	64.36	63.96	45.31	40.53	16.9	0.18971	3.9.2015	14:37:27	1441291047
1	3600	-2	64.03	64.4	44.92	41.89	16.91	0.18983	3.9.2015	14:37:28	1441291048
1	3600	-2	64.39	64.23	45.31	41.6	16.89	0.19056	3.9.2015	14:37:29	1441291049
1	3600	-2	64.17	63.98	44.14	41.7	16.91	0.18994	3.9.2015	14:37:30	1441291050
1	3600	-2	64.37	64	44.92	41.31	16.9	0.18943	3.9.2015	14:37:31	1441291051
1	3600	-2	64.39	63.96	45.41	41.5	16.91	0.19013	3.9.2015	14:37:33	1441291053
1	3600	-2	64.16	63.68	44.82	41.02	16.9	0.18852	3.9.2015	14:37:34	1441291054
1	3600	-2	64.06	63.6	44.82	41.21	16.87	0.18859	3.9.2015	14:37:35	1441291055
1	3600	-2	64.19	63.54	45.12	41.5	16.89	0.18993	3.9.2015	14:37:36	1441291056
1	3600	-2	64.11	63.5	45.21	40.92	16.9	0.18922	3.9.2015	14:37:37	1441291057
1	3600	-2	64.35	63.75	45.41	41.02	16.87	0.18898	3.9.2015	14:37:38	1441291058
1	3600	-2	64.26	63.44	44.82	41.11	16.91	0.19023	3.9.2015	14:37:39	1441291059
1	3600	-2	63.97	63.16	44.92	41.02	16.9	0.18984	3.9.2015	14:37:41	1441291061
1	3600	-2	64.16	63.18	44.63	41.21	16.93	0.18969	3.9.2015	14:37:42	1441291062
1	3600	-2	64.44	63.6	45.21	41.11	16.94	0.19014	3.9.2015	14:37:43	1441291063
1	3600	-2	64.09	63.35	44.82	41.31	16.91	0.18877	3.9.2015	14:37:44	1441291064
1	3600	-2	64.04	63.18	45.41	41.21	16.92	0.18909	3.9.2015	14:37:45	1441291065
1	3600	-2	64.18	63.45	44.73	42.09	16.89	0.18811	3.9.2015	14:37:46	1441291066
1	3600	-2	64.34	63.34	45.12	41.41	16.91	0.18988	3.9.2015	14:37:48	1441291068
1	3600	-2	64	63.61	44.73	41.6	16.92	0.19018	3.9.2015	14:37:49	1441291069
1	3600	-2	64.03	63.69	44.82	41.7	16.9	0.18971	3.9.2015	14:37:50	1441291070
1	3600	-2	64.09	63.67	45.61	40.92	16.94	0.19061	3.9.2015	14:37:51	1441291071
1	3600	-2	64.19	63.46	45.51	41.21	16.92	0.18912	3.9.2015	14:37:52	1441291072
1	3600	-2	64.4	63.38	44.73	41.21	16.9	0.18965	3.9.2015	14:37:53	1441291073
1	3600	-2	64.26	63.73	44.73	40.92	16.91	0.1898	3.9.2015	14:37:54	1441291074
1	3600	-2	64.27	63.53	45.31	40.92	16.88	0.18993	3.9.2015	14:37:56	1441291076
1	3600	-2	64.16	63.42	45.02	41.89	16.91	0.18801	3.9.2015	14:37:57	1441291077
1	3600	-2	64.29	63.54	45.02	41.6	16.92	0.18925	3.9.2015	14:37:58	1441291078
1	3600	-2	64.2	63.87	45.02	41.7	16.9	0.18878	3.9.2015	14:37:59	1441291079
1	3600	-2	64.03	63.72	45.12	41.41	16.93	0.18983	3.9.2015	14:38:00	1441291080
1	3600	-2	64.13	64.21	45.21	41.41	16.92	0.18944	3.9.2015	14:38:01	1441291081
1	3600	-2	64.22	64.18	45.21	41.31	16.92	0.1888	3.9.2015	14:38:03	1441291083
1	3600	-2	63.99	64.41	44.63	41.21	16.96	0.19035	3.9.2015	14:38:04	1441291084
1	3600	-2	64.15	64.99	45.31	41.31	16.92	0.18967	3.9.2015	14:38:05	1441291085
1	3600	-2	64.27	65.04	45.12	41.89	16.94	0.18975	3.9.2015	14:38:06	1441291086
1	3600	-2	64.08	64.7	45.21	41.31	16.93	0.18938	3.9.2015	14:38:07	1441291087
1	3600	-2	63.95	64.58	45.9	41.5	16.92	0.19038	3.9.2015	14:38:08	1441291088
1	3600	-2	64.23	64.82	44.73	41.89	16.93	0.18844	3.9.2015	14:38:10	1441291090
1	3600	-2	64.08	64.26	45.12	41.41	16.93	0.18856	3.9.2015	14:38:11	1441291091
1	3600	-2	64.15	63.97	44.92	40.92	16.94	0.18923	3.9.2015	14:38:12	1441291092
1	3600	-2	64.29	64.09	45.12	41.21	16.92	0.18789	3.9.2015	14:38:13	1441291093
1	3600	-2	64.24	64.26	45.02	41.7	16.9	0.19007	3.9.2015	14:38:14	1441291094
1	3600	-2	64.3	64.24	45.02	41.11	16.93	0.18883	3.9.2015	14:38:15	1441291095
1	3600	-2	63.95	63.92	45.41	41.99	16.91	0.18817	3.9.2015	14:38:16	1441291096
1	3600	-2	63.99	63.75	45.12	41.11	16.93	0.18914	3.9.2015	14:38:18	1441291098
1	3600	-2	63.91	64.39	44.92	41.41	16.9	0.18831	3.9.2015	14:38:19	1441291099
1	3600	-2	64.01	64.08	45.41	41.31	16.89	0.18913	3.9.2015	14:38:20	1441291100
1	3600	-2	63.99	64.19	44.63	40.72	16.94	0.18906	3.9.2015	14:38:21	1441291101
1	3600	-2	64.34	64.05	45.02	41.5	16.92	0.19048	3.9.2015	14:38:22	1441291102
1	3600	-2	63.99	63.96	45.21	41.41	16.95	0.18825	3.9.2015	14:38:23	1441291103
1	3600	-2	63.98	64.02	44.63	40.92	16.91	0.1898	3.9.2015	14:38:25	1441291105
1	3600	-2	63.9	63.74	44.73	41.41	16.92	0.18991	3.9.2015	14:38:26	1441291106
1	3600	-2	64.06	64.3	45.31	41.7	16.93	0.18948	3.9.2015	14:38:27	1441291107
1	3600	-2	64.08	64.08	44.53	41.41	16.91	0.18931	3.9.2015	14:38:28	1441291108
1	3600	-2	63.87	64.14	44.82	41.99	16.94	0.19076	3.9.2015	14:38:29	1441291109
1	3600	-2	63.94	63.79	44.53	41.21	16.92	0.18899	3.9.2015	14:38:30	1441291110
1	3600	-2	64.14	63.62	45.12	40.92	16.91	0.18895	3.9.2015	14:38:31	1441291111
1	3600	-2	63.88	63.64	45.31	41.21	16.91	0.18918	3.9.2015	14:38:33	1441291113
1	3600	-2	64.09	63.55	45.02	42.09	16.89	0.18835	3.9.2015	14:38:34	1441291114
1	3600	-2	63.73	63.41	45.12	41.41	16.91	0.18965	3.9.2015	14:38:35	1441291115
1	3600	-2	63.89	63.71	44.92	41.6	16.89	0.18836	3.9.2015	14:38:36	1441291116
1	3600	-2	63.91	63.64	44.73	41.21	16.88	0.18913	3.9.2015	14:38:37	1441291117
1	3600	-2	63.89	63.92	44.53	40.92	16.92	0.18845	3.9.2015	14:38:38	1441291118
1	3600	-2	64.28	64.16	44.92	41.21	16.9	0.18914	3.9.2015	14:38:40	1441291120
1	3600	-2	64.14	63.92	45.31	41.31	16.92	0.18892	3.9.2015	14:38:41	1441291121
1	3600	-2	63.96	63.84	45.12	41.7	16.93	0.18865	3.9.2015	14:38:42	1441291122
1	3600	-2	64.02	63.96	45.31	41.31	16.91	0.19028	3.9.2015	14:38:43	1441291123
1	3600	-2	64.15	64.06	44.73	41.8	16.95	0.18902	3.9.2015	14:38:44	1441291124
1	3600	-2	63.85	64.56	45.02	41.5	16.92	0.19022	3.9.2015	14:38:45	1441291125
1	3600	-2	64.18	64.13	44.34	41.41	16.94	0.19051	3.9.2015	14:38:47	1441291127
1	3600	-2	63.9	64.5	45.41	41.7	16.94	0.18938	3.9.2015	14:38:48	1441291128
1	3600	-2	64	64.9	45.02	42.19	16.92	0.19067	3.9.2015	14:38:49	1441291129
1	3600	-2	63.93	64.87	44.92	42.29	16.93	0.19006	3.9.2015	14:38:50	1441291130
1	3600	-2	63.95	64.8	45.41	42.09	16.94	0.18948	3.9.2015	14:38:51	1441291131
1	3600	-2	63.61	65.22	44.34	41.11	16.92	0.18974	3.9.2015	14:38:52	1441291132
1	3600	-2	63.91	64.62	44.82	41.89	16.92	0.18895	3.9.2015	14:38:53	1441291133
1	3600	-2	64.01	64.35	44.82	41.6	16.9	0.18952	3.9.2015	14:38:55	1441291135
1	3600	-2	63.81	64.92	44.82	41.31	16.9	0.19018	3.9.2015	14:38:56	1441291136
1	3600	-2	63.96	64.96	44.92	40.92	16.91	0.18801	3.9.2015	14:38:57	1441291137
1	3600	-2	63.96	64.93	45.61	41.5	16.88	0.18895	3.9.2015	14:38:58	1441291138
1	3600	-2	63.91	65.14	45.31	42.09	16.92	0.18837	3.9.2015	14:38:59	1441291139
1	3600	-2	63.96	65.13	45.12	41.8	16.91	0.18852	3.9.2015	14:39:00	1441291140
1	3600	-2	63.83	64.87	45.21	41.6	16.91	0.1887	3.9.2015	14:39:02	1441291142
1	3600	-2	63.84	65.15	45.61	41.5	16.93	0.1897	3.9.2015	14:39:03	1441291143
1	3600	-2	64.04	64.78	45.21	42.38	16.9	0.18949	3.9.2015	14:39:04	1441291144
1	3600	-2	63.94	64.55	44.82	41.41	16.93	0.18915	3.9.2015	14:39:05	1441291145
1	3600	-2	63.88	64.27	44.53	41.6	16.92	0.18941	3.9.2015	14:39:06	1441291146
1	3600	-2	63.9	63.96	45.31	41.7	16.89	0.18987	3.9.2015	14:39:07	1441291147
1	3600	-2	64.17	63.96	45.21	41.31	16.94	0.18978	3.9.2015	14:39:08	1441291148
1	3600	-2	63.96	63.65	45.61	41.11	16.91	0.18966	3.9.2015	14:39:10	1441291150
1	3600	-2	64.05	63.61	45.21	41.21	16.91	0.18997	3.9.2015	14:39:11	1441291151
1	3600	-2	63.76	63.32	45.51	42.19	16.93	0.19019	3.9.2015	14:39:12	1441291152
1	3600	-2	63.95	63.43	45.02	41.41	16.89	0.18908	3.9.2015	14:39:13	1441291153
1	3600	-2	63.87	63.38	45.41	41.7	16.9	0.19003	3.9.2015	14:39:14	1441291154
1	3600	-2	63.69	63.57	44.82	41.6	16.92	0.18894	3.9.2015	14:39:15	1441291155
1	3600	-2	63.91	63.53	45.21	41.89	16.89	0.18842	3.9.2015	14:39:17	1441291157
1	3600	-2	64.03	63.5	45.21	41.7	16.91	0.18999	3.9.2015	14:39:18	1441291158
1	3600	-2	63.78	63.94	45.12	41.6	16.9	0.18986	3.9.2015	14:39:19	1441291159
1	3600	-2	63.89	64.27	45.7	41.6	16.89	0.19069	3.9.2015	14:39:20	1441291160
1	3600	-2	63.85	64.35	45.61	42.09	16.92	0.18941	3.9.2015	14:39:21	1441291161
1	3600	-2	63.93	65.06	44.92	41.41	16.91	0.18984	3.9.2015	14:39:22	1441291162
1	3600	-2	63.94	65.05	45.12	41.41	16.91	0.18938	3.9.2015	14:39:23	1441291163
1	3600	-2	64.08	64.92	44.63	41.41	16.92	0.18926	3.9.2015	14:39:25	1441291165
1	3600	-2	64.04	65.3	44.82	41.6	16.89	0.1904	3.9.2015	14:39:26	1441291166
1	3600	-2	63.8	65.21	45.02	41.31	16.92	0.18878	3.9.2015	14:39:27	1441291167
1	3600	-2	63.86	65.28	45.21	41.6	16.92	0.19038	3.9.2015	14:39:28	1441291168
1	3600	-2	63.88	65.26	45.21	41.89	16.92	0.18944	3.9.2015	14:39:29	1441291169
1	3600	-2	63.82	65.17	45.02	41.31	16.95	0.19052	3.9.2015	14:39:30	1441291170
1	3600	-2	63.89	65.47	45.02	42.19	16.92	0.18991	3.9.2015	14:39:32	1441291172
1	3600	-2	63.77	65.62	45.7	42.09	16.92	0.19024	3.9.2015	14:39:33	1441291173
1	3600	-2	64.06	65.81	44.63	41.6	16.93	0.18955	3.9.2015	14:39:34	1441291174
1	3600	-2	64	65.67	44.82	41.11	16.89	0.18922	3.9.2015	14:39:35	1441291175
1	3600	-2	64.04	65.42	44.92	41.7	16.92	0.19012	3.9.2015	14:39:36	1441291176
1	3600	-2	64.06	65.59	44.82	41.89	16.9	0.1898	3.9.2015	14:39:37	1441291177
1	3600	-2	63.67	65.6	45.12	41.5	16.93	0.18961	3.9.2015	14:39:39	1441291179
1	3600	-2	64.04	64.93	45.31	42.19	16.91	0.19003	3.9.2015	14:39:40	1441291180
1	3600	-2	63.79	64.93	45.02	41.6	16.93	0.18974	3.9.2015	14:39:41	1441291181
1	3600	-2	63.75	65.06	45.21	41.31	16.95	0.19076	3.9.2015	14:39:42	1441291182
1	3600	-2	63.86	64.36	45.02	41.8	16.92	0.18976	3.9.2015	14:39:43	1441291183
1	3600	-2	63.96	64.94	46	41.5	16.95	0.18978	3.9.2015	14:39:44	1441291184
1	3600	-2	63.92	64.74	45.51	41.5	16.9	0.18909	3.9.2015	14:39:45	1441291185
1	3600	-2	63.73	64.61	45.31	42.19	16.94	0.19038	3.9.2015	14:39:47	1441291187
1	3600	-2	63.9	64.37	45.12	42.09	16.93	0.18906	3.9.2015	14:39:48	1441291188
1	3600	-2	63.96	64.37	45.8	41.8	16.93	0.18843	3.9.2015	14:39:49	1441291189
1	3600	-2	63.85	64.44	45.51	42.09	16.94	0.1902	3.9.2015	14:39:50	1441291190
1	3600	-2	63.88	64.01	45.12	42.48	16.9	0.19062	3.9.2015	14:39:51	1441291191
1	3600	-2	63.84	63.68	45.31	41.8	16.9	0.19004	3.9.2015	14:39:52	1441291192
1	3600	-2	64.13	63.95	45.31	41.31	16.89	0.18846	3.9.2015	14:39:54	1441291194
1	3600	-2	63.86	63.23	44.63	41.7	16.9	0.18926	3.9.2015	14:39:55	1441291195
1	3600	-2	63.91	62.66	44.92	41.8	16.92	0.18979	3.9.2015	14:39:56	1441291196
1	3600	-2	64.08	62.68	45.41	41.8	16.89	0.18955	3.9.2015	14:39:57	1441291197
1	3600	-2	63.85	63.13	45.41	41.5	16.91	0.18875	3.9.2015	14:39:58	1441291198
1	3600	-2	63.85	62.64	45.31	41.8	16.89	0.18865	3.9.2015	14:39:59	1441291199
1	3600	-2	63.78	63.09	46	42.19	16.92	0.18876	3.9.2015	14:40:00	1441291200
1	3600	-2	63.94	63.45	44.82	41.7	16.92	0.18979	3.9.2015	14:40:02	1441291202
1	3600	-2	63.81	63.55	45.61	41.5	16.91	0.18962	3.9.2015	14:40:03	1441291203
1	3600	-2	63.98	63.25	45.61	42.09	16.95	0.18893	3.9.2015	14:40:04	1441291204
1	3600	-2	63.7	62.9	45.61	41.99	16.93	0.18949	3.9.2015	14:40:05	1441291205
1	3600	-2	63.92	62.93	45.21	41.6	16.94	0.18978	3.9.2015	14:40:06	1441291206
1	3600	-2	63.97	62.49	45.12	41.41	16.94	0.18919	3.9.2015	14:40:07	1441291207
1	3600	-2	63.75	62.65	45.41	41.89	16.93	0.19032	3.9.2015	14:40:09	1441291209
1	3600	-2	63.8	62.47	45.7	41.31	16.94	0.19038	3.9.2015	14:40:10	1441291210
1	3600	-2	63.82	62.48	44.82	41.6	16.95	0.19073	3.9.2015	14:40:11	1441291211
1	3600	-2	63.96	62.44	45.02	41.7	16.93	0.19033	3.9.2015	14:40:12	1441291212
1	3600	-2	63.82	62.74	45.8	41.6	16.92	0.18923	3.9.2015	14:40:13	1441291213
1	3600	-2	63.72	62.89	46	41.6	16.93	0.19036	3.9.2015	14:40:14	1441291214
1	3600	-2	63.52	63.02	45.51	42.29	16.88	0.18944	3.9.2015	14:40:16	1441291216
1	3600	-2	63.73	63.04	45.31	41.99	16.91	0.19039	3.9.2015	14:40:17	1441291217
1	3600	-2	63.86	63.22	44.82	41.41	16.93	0.1897	3.9.2015	14:40:18	1441291218
1	3600	-2	63.96	63.59	44.63	41.99	16.9	0.19026	3.9.2015	14:40:19	1441291219
1	3600	-2	63.54	63.54	45.51	42.09	16.94	0.19003	3.9.2015	14:40:20	1441291220
1	3600	-2	63.72	63.72	45.12	41.89	16.94	0.18816	3.9.2015	14:40:21	1441291221
1	3600	-2	63.84	64.01	44.73	41.8	16.93	0.19104	3.9.2015	14:40:22	1441291222
1	3600	-2	63.67	63.83	45.02	42.09	16.94	0.19049	3.9.2015	14:40:24	1441291224
1	3600	-2	63.93	64.09	45.41	41.7	16.94	0.18997	3.9.2015	14:40:25	1441291225
1	3600	-2	63.68	63.91	45.7	41.41	16.91	0.19072	3.9.2015	14:40:26	1441291226
1	3600	-2	63.92	64.18	45.21	41.8	16.95	0.18962	3.9.2015	14:40:27	1441291227
1	3600	-2	63.86	64.28	45.7	41.89	16.93	0.18997	3.9.2015	14:40:28	1441291228
1	3600	-2	63.89	64.71	45.7	42.38	16.9	0.1893	3.9.2015	14:40:29	1441291229
1	3600	-2	63.99	64.39	45.7	41.89	16.95	0.18972	3.9.2015	14:40:31	1441291231
1	3600	-2	63.92	64.39	45.12	41.99	16.94	0.19065	3.9.2015	14:40:32	1441291232
1	3600	-2	63.55	64.82	45.9	41.7	16.92	0.1889	3.9.2015	14:40:33	1441291233
1	3600	-2	63.76	64.76	45.02	41.89	16.93	0.18841	3.9.2015	14:40:34	1441291234
1	3600	-2	63.89	64.81	44.73	41.5	16.9	0.1889	3.9.2015	14:40:35	1441291235
1	3600	-2	63.96	64.6	45.51	42.19	16.9	0.18983	3.9.2015	14:40:36	1441291236
1	3600	-2	63.83	64.88	45.31	41.99	16.94	0.19039	3.9.2015	14:40:37	1441291237
1	3600	-2	63.95	64.79	45.31	41.7	16.91	0.18791	3.9.2015	14:40:39	1441291239
1	3600	-2	63.83	64.63	45.21	42.38	16.92	0.18943	3.9.2015	14:40:40	1441291240
1	3600	-2	63.97	64.98	45.41	41.99	16.95	0.1906	3.9.2015	14:40:41	1441291241
1	3600	-2	63.83	64.93	45.7	41.99	16.94	0.18954	3.9.2015	14:40:42	1441291242
1	3600	-2	63.7	64.67	44.73	41.99	16.93	0.18896	3.9.2015	14:40:43	1441291243
1	3600	-2	63.89	64.75	45.31	42.58	16.95	0.18796	3.9.2015	14:40:44	1441291244
1	3600	-2	63.64	64.86	45.7	41.41	16.94	0.18802	3.9.2015	14:40:46	1441291246
1	3600	-2	63.66	64.95	45.21	41.8	16.92	0.18956	3.9.2015	14:40:47	1441291247
1	3600	-2	63.8	65.15	45.41	41.5	16.95	0.18937	3.9.2015	14:40:48	1441291248
1	3600	-2	63.82	65.15	45.61	41.7	16.94	0.18965	3.9.2015	14:40:49	1441291249
1	3600	-2	63.83	65.05	45.31	41.6	16.92	0.19085	3.9.2015	14:40:50	1441291250
1	3600	-2	63.64	65.03	45.12	42.19	16.95	0.18894	3.9.2015	14:40:51	1441291251
1	3600	-2	63.8	64.72	44.73	41.5	16.93	0.18845	3.9.2015	14:40:53	1441291253
1	3600	-2	63.89	64.63	45.51	42.09	16.9	0.18866	3.9.2015	14:40:54	1441291254
1	3600	-2	64.05	64.89	45.61	41.6	16.93	0.18978	3.9.2015	14:40:55	1441291255
1	3600	-2	63.7	65.23	44.73	42.09	16.93	0.1884	3.9.2015	14:40:56	1441291256
1	3600	-2	63.96	65.21	45.8	41.6	16.91	0.1892	3.9.2015	14:40:57	1441291257
1	3600	-2	63.85	65.36	45.21	42.09	16.93	0.18953	3.9.2015	14:40:58	1441291258
1	3600	-2	63.98	65.34	45.7	41.89	16.94	0.18918	3.9.2015	14:40:59	1441291259
1	3600	-2	63.69	65.29	45.12	42.29	16.93	0.1879	3.9.2015	14:41:01	1441291261
1	3600	-2	63.84	65.04	45.12	41.7	16.93	0.18892	3.9.2015	14:41:02	1441291262
1	3600	-2	63.86	64.67	46.29	42.19	16.96	0.18994	3.9.2015	14:41:03	1441291263
1	3600	-2	63.79	64.79	45.51	41.99	16.95	0.18959	3.9.2015	14:41:04	1441291264
1	3600	-2	64.12	64.62	45.7	42.38	16.93	0.18809	3.9.2015	14:41:05	1441291265
1	3600	-2	63.94	64.37	45.61	42.48	16.94	0.18861	3.9.2015	14:41:06	1441291266
1	3600	-2	63.87	64.36	45.21	42.68	16.97	0.18884	3.9.2015	14:41:08	1441291268
1	3600	-2	63.72	64.18	45.9	42.09	16.94	0.1896	3.9.2015	14:41:09	1441291269
1	3600	-2	63.94	64.08	45.31	42.77	16.94	0.18915	3.9.2015	14:41:10	1441291270
1	3600	-2	63.96	63.78	45.12	42.38	16.95	0.18967	3.9.2015	14:41:11	1441291271
1	3600	-2	63.95	63.85	45.51	41.99	16.93	0.18964	3.9.2015	14:41:12	1441291272
1	3600	-2	63.79	63.66	45.12	42.19	16.92	0.18907	3.9.2015	14:41:13	1441291273
1	3600	-2	63.77	63.75	45.41	41.8	16.92	0.18953	3.9.2015	14:41:14	1441291274
1	3600	-2	63.84	63.55	45.21	42.09	16.93	0.19023	3.9.2015	14:41:16	1441291276
1	3600	-2	63.78	63.63	45.12	41.21	16.92	0.18927	3.9.2015	14:41:17	1441291277
1	3600	-2	63.31	63.8	45.41	42.29	16.9	0.18905	3.9.2015	14:41:18	1441291278
1	3600	-2	63.7	63.24	46.09	41.6	16.93	0.18958	3.9.2015	14:41:19	1441291279
1	3600	-2	63.59	63.42	45.7	41.8	16.95	0.18905	3.9.2015	14:41:20	1441291280
1	3600	-2	63.93	63.29	45.31	42.29	16.93	0.18935	3.9.2015	14:41:21	1441291281
1	3600	-2	63.87	63.09	45.21	42.19	16.92	0.19034	3.9.2015	14:41:23	1441291283
1	3600	-2	63.7	63.38	44.92	41.99	16.95	0.18962	3.9.2015	14:41:24	1441291284
1	3600	-2	63.8	63.54	45.02	41.41	16.95	0.18979	3.9.2015	14:41:25	1441291285
1	3600	-2	63.61	64.02	45.02	41.6	16.92	0.18859	3.9.2015	14:41:26	1441291286
1	3600	-2	63.88	64.01	45.61	42.97	16.92	0.18948	3.9.2015	14:41:27	1441291287
1	3600	-2	63.94	64.21	45.51	42.68	16.94	0.18899	3.9.2015	14:41:28	1441291288
1	3600	-2	63.97	64.02	45.02	41.89	16.93	0.18895	3.9.2015	14:41:30	1441291290
1	3600	-2	63.76	63.91	45.31	42.48	16.93	0.18935	3.9.2015	14:41:31	1441291291
1	3600	-2	63.81	64.26	45.51	41.11	16.9	0.18982	3.9.2015	14:41:32	1441291292
1	3600	-2	64.1	64.37	45.9	42.48	16.94	0.18836	3.9.2015	14:41:33	1441291293
1	3600	-2	63.9	64.17	46.09	41.6	16.93	0.18938	3.9.2015	14:41:34	1441291294
1	3600	-2	64.02	64.41	46	41.8	16.9	0.18953	3.9.2015	14:41:35	1441291295
1	3600	-2	63.76	64.38	45.31	42.19	16.92	0.18944	3.9.2015	14:41:36	1441291296
1	3600	-2	63.81	64.16	45.61	41.6	16.94	0.18989	3.9.2015	14:41:38	1441291298
1	3600	-2	63.67	64.04	45.51	42.29	16.95	0.18948	3.9.2015	14:41:39	1441291299
1	3600	-2	63.73	63.99	44.63	41.7	16.94	0.18906	3.9.2015	14:41:40	1441291300
1	3600	-2	63.82	63.93	45.41	41.5	16.95	0.19121	3.9.2015	14:41:41	1441291301
1	3600	-2	63.76	63.97	45.9	42.48	16.96	0.19095	3.9.2015	14:41:42	1441291302
1	3600	-2	63.75	64.05	45.31	42.38	16.96	0.18945	3.9.2015	14:41:43	1441291303
1	3600	-2	63.82	63.94	45.9	41.6	16.94	0.19069	3.9.2015	14:41:45	1441291305
1	3600	-2	63.93	63.96	45.61	41.7	16.93	0.19008	3.9.2015	14:41:46	1441291306
1	3600	-2	63.95	63.72	45.8	41.99	16.97	0.18964	3.9.2015	14:41:47	1441291307
1	3600	-2	63.84	63.91	45.31	42.09	16.97	0.18932	3.9.2015	14:41:48	1441291308
1	3600	-2	63.78	63.88	44.73	42.77	16.95	0.18998	3.9.2015	14:41:49	1441291309
1	3600	-2	63.87	63.57	45.41	41.6	16.95	0.18928	3.9.2015	14:41:50	1441291310
1	3600	-2	63.92	63.51	45.21	42.09	16.97	0.18884	3.9.2015	14:41:51	1441291311
1	3600	-2	63.7	63.38	45.21	42.09	16.94	0.18915	3.9.2015	14:41:53	1441291313
1	3600	-2	63.96	63.43	45.31	42.58	16.93	0.18991	3.9.2015	14:41:54	1441291314
1	3600	-2	63.74	62.88	45.7	42.29	16.94	0.19031	3.9.2015	14:41:55	1441291315
1	3600	-2	63.69	63.5	45.31	42.19	16.96	0.19099	3.9.2015	14:41:56	1441291316
1	3600	-2	64.15	63.72	45.21	42.29	16.93	0.18981	3.9.2015	14:41:57	1441291317
1	3600	-2	63.7	63.94	45.41	42.87	16.93	0.19012	3.9.2015	14:41:58	1441291318
1	3600	-2	63.74	63.75	45.51	41.99	16.95	0.19029	3.9.2015	14:42:00	1441291320
1	3600	-2	63.87	64.07	45.12	42.29	16.97	0.19006	3.9.2015	14:42:01	1441291321
1	3600	-2	64.1	63.8	45.41	42.29	16.95	0.18937	3.9.2015	14:42:02	1441291322
1	3600	-2	63.67	64.29	45.31	42.29	16.94	0.18865	3.9.2015	14:42:03	1441291323
1	3600	-2	63.88	64.28	45.12	42.38	16.96	0.19033	3.9.2015	14:42:04	1441291324
1	3600	-2	64.13	64.4	45.31	41.89	16.97	0.18987	3.9.2015	14:42:05	1441291325
1	3600	-2	63.5	64.21	44.92	42.48	16.97	0.19092	3.9.2015	14:42:07	1441291327
1	3600	-2	64.04	64.37	45.9	42.38	16.96	0.18879	3.9.2015	14:42:08	1441291328
1	3600	-2	63.55	64.22	45.12	42.19	16.95	0.18971	3.9.2015	14:42:09	1441291329
1	3600	-2	63.92	64.42	45.61	42.77	16.98	0.19163	3.9.2015	14:42:10	1441291330
1	3600	-2	63.64	64.68	44.92	41.99	16.97	0.19012	3.9.2015	14:42:11	1441291331
1	3600	-2	63.96	64.25	45.51	41.31	16.95	0.19026	3.9.2015	14:42:12	1441291332
1	3600	-2	63.75	64.18	45.31	42.09	16.92	0.18983	3.9.2015	14:42:13	1441291333
1	3600	-2	63.82	63.52	45.41	42.29	16.94	0.19078	3.9.2015	14:42:15	1441291335
1	3600	-2	63.81	63.31	46.19	42.58	16.95	0.19014	3.9.2015	14:42:16	1441291336
1	3600	-2	63.81	63.3	45.41	42.19	16.93	0.1903	3.9.2015	14:42:17	1441291337
1	3600	-2	64.01	63.42	45.8	42.19	16.93	0.19044	3.9.2015	14:42:18	1441291338
1	3600	-2	64.03	63.97	45.7	41.8	16.94	0.18987	3.9.2015	14:42:19	1441291339
1	3600	-2	63.76	63.98	45.9	42.58	16.96	0.19065	3.9.2015	14:42:20	1441291340
1	3600	-2	63.88	64.2	46.19	42.58	16.95	0.18984	3.9.2015	14:42:22	1441291342
1	3600	-2	63.85	64.05	45.8	41.89	16.95	0.19065	3.9.2015	14:42:23	1441291343
1	3600	-2	63.85	64.32	45.02	42.19	16.94	0.18983	3.9.2015	14:42:24	1441291344
1	3600	-2	63.81	64.42	45.31	42.48	16.97	0.1895	3.9.2015	14:42:25	1441291345
1	3600	-2	64.01	64.27	45.7	42.38	16.96	0.18945	3.9.2015	14:42:26	1441291346
1	3600	-2	64.13	64.41	45.7	41.99	16.95	0.18928	3.9.2015	14:42:27	1441291347
1	3600	-2	63.95	64.35	45.41	42.58	16.94	0.19022	3.9.2015	14:42:28	1441291348
1	3600	-2	63.93	64.18	45.51	42.58	16.95	0.18974	3.9.2015	14:42:30	1441291350
1	3600	-2	63.79	64.18	44.82	41.89	16.96	0.19058	3.9.2015	14:42:31	1441291351
1	3600	-2	63.95	64.16	45.61	42.58	16.94	0.19013	3.9.2015	14:42:32	1441291352
1	3600	-2	63.69	63.78	45.61	42.09	16.88	0.18926	3.9.2015	14:42:33	1441291353
1	3600	-2	63.57	63.67	45.7	42.68	16.93	0.18974	3.9.2015	14:42:34	1441291354
1	3600	-2	63.65	63.97	46	42.09	16.94	0.19069	3.9.2015	14:42:35	1441291355
1	3600	-2	64.07	63.94	45.31	42.77	16.91	0.18932	3.9.2015	14:42:37	1441291357
1	3600	-2	63.7	63.91	45.9	42.68	16.9	0.18995	3.9.2015	14:42:38	1441291358
1	3600	-2	63.77	63.67	45.12	43.07	16.95	0.18954	3.9.2015	14:42:39	1441291359
1	3600	-2	63.79	64.05	45.61	41.8	16.95	0.18878	3.9.2015	14:42:40	1441291360
1	3600	-2	63.86	63.79	45.41	42.68	16.93	0.18993	3.9.2015	14:42:41	1441291361
1	3600	-2	63.95	64.03	45.31	42.29	16.94	0.18942	3.9.2015	14:42:42	1441291362
1	3600	-2	64.1	64.32	45.51	42.87	16.96	0.18986	3.9.2015	14:42:44	1441291364
1	3600	-2	63.69	64.59	46	42.58	16.94	0.18964	3.9.2015	14:42:45	1441291365
1	3600	-2	64.02	65.38	45.41	42.58	16.93	0.19054	3.9.2015	14:42:46	1441291366
1	3600	-2	64.02	65.53	45.51	42.29	16.96	0.18961	3.9.2015	14:42:47	1441291367
1	3600	-2	64.01	65.62	45.7	42.19	16.96	0.18851	3.9.2015	14:42:48	1441291368
1	3600	-2	63.88	65.29	45.7	41.89	16.94	0.18973	3.9.2015	14:42:49	1441291369
1	3600	-2	63.8	65.68	45.8	42.58	16.96	0.19089	3.9.2015	14:42:50	1441291370
1	3600	-2	63.99	65.24	45.61	42.77	16.95	0.1894	3.9.2015	14:42:52	1441291372
1	3600	-2	64.04	65.5	45.61	42.09	16.92	0.19085	3.9.2015	14:42:53	1441291373
1	3600	-2	63.53	65.51	46.09	41.89	16.93	0.18927	3.9.2015	14:42:54	1441291374
1	3600	-2	64.13	65.49	45.61	42.97	16.94	0.18932	3.9.2015	14:42:55	1441291375
1	3600	-2	63.91	65.36	46	42.87	16.93	0.18943	3.9.2015	14:42:56	1441291376
1	3600	-2	64.12	65.58	45.51	42.48	16.92	0.19038	3.9.2015	14:42:57	1441291377
1	3600	-2	64.03	65.86	45.61	41.8	16.96	0.19067	3.9.2015	14:42:59	1441291379
1	3600	-2	63.8	65.94	45.8	42.38	16.95	0.19046	3.9.2015	14:43:00	1441291380
1	3600	-2	63.72	66.15	46.29	43.07	16.93	0.18949	3.9.2015	14:43:01	1441291381
1	3600	-2	63.89	65.93	45.12	42.29	16.93	0.19049	3.9.2015	14:43:02	1441291382
1	3600	-2	63.92	65.8	45.21	42.48	16.96	0.18972	3.9.2015	14:43:03	1441291383
1	3600	-2	64	66.28	46.19	42.48	16.94	0.18972	3.9.2015	14:43:04	1441291384
1	3600	-2	63.71	66.35	45.7	42.09	16.93	0.18971	3.9.2015	14:43:05	1441291385
1	3600	-2	63.58	66.19	45.8	42.38	16.94	0.18983	3.9.2015	14:43:07	1441291387
1	3600	-2	63.89	66.17	45.31	42.19	16.94	0.18979	3.9.2015	14:43:08	1441291388
1	3600	-2	63.73	65.94	45.31	42.68	16.94	0.18974	3.9.2015	14:43:09	1441291389
1	3600	-2	63.82	66.6	45.8	43.46	16.95	0.19001	3.9.2015	14:43:10	1441291390
1	3600	-2	63.8	66.74	45.21	42.58	16.94	0.18936	3.9.2015	14:43:11	1441291391
1	3600	-2	63.96	66.52	45.61	42.38	16.91	0.18953	3.9.2015	14:43:12	1441291392
1	3600	-2	63.88	66.41	46.19	42.38	16.92	0.18974	3.9.2015	14:43:14	1441291394
1	3600	-2	63.83	65.89	45.61	43.07	16.94	0.19025	3.9.2015	14:43:15	1441291395
1	3600	-2	63.87	65.81	45.31	42.38	16.91	0.18935	3.9.2015	14:43:16	1441291396
1	3600	-2	63.81	65.73	45.8	42.19	16.92	0.19015	3.9.2015	14:43:17	1441291397
1	3600	-2	63.9	65.34	45.21	42.58	16.93	0.18932	3.9.2015	14:43:18	1441291398
1	3600	-2	63.73	65.59	46.09	42.77	16.91	0.18926	3.9.2015	14:43:19	1441291399
1	3600	-2	63.88	65.51	45.41	42.58	16.94	0.1899	3.9.2015	14:43:21	1441291401
1	3600	-2	63.75	65.52	45.21	41.41	16.95	0.18986	3.9.2015	14:43:22	1441291402
1	3600	-2	63.96	65.27	45.41	41.99	16.93	0.18946	3.9.2015	14:43:23	1441291403
1	3600	-2	63.65	65.25	46.29	42.19	16.93	0.18975	3.9.2015	14:43:24	1441291404
1	3600	-2	63.81	65.68	46.09	42.29	16.94	0.19	3.9.2015	14:43:25	1441291405
1	3600	-2	63.95	65.27	45.51	42.58	16.94	0.18928	3.9.2015	14:43:26	1441291406
1	3600	-2	63.97	65.23	45.61	42.48	16.92	0.18994	3.9.2015	14:43:27	1441291407
1	3600	-2	63.96	65.38	45.31	42.38	16.95	0.19144	3.9.2015	14:43:29	1441291409
1	3600	-2	63.61	65.28	45.31	42.38	16.94	0.1903	3.9.2015	14:43:30	1441291410
1	3600	-2	63.59	64.96	45.7	42.68	16.94	0.18995	3.9.2015	14:43:31	1441291411
1	3600	-2	63.93	64.75	45.9	42.77	16.94	0.19092	3.9.2015	14:43:32	1441291412
1	3600	-2	63.77	64.71	46	41.8	16.91	0.19096	3.9.2015	14:43:33	1441291413
1	3600	-2	63.95	64.81	45.7	42.29	16.91	0.1911	3.9.2015	14:43:34	1441291414
1	3600	-2	64.05	64.87	45.02	41.7	16.94	0.18956	3.9.2015	14:43:36	1441291416
1	3600	-2	63.94	64.84	46.19	42.77	16.91	0.19007	3.9.2015	14:43:37	1441291417
1	3600	-2	63.43	64.91	46.39	42.58	16.92	0.19043	3.9.2015	14:43:38	1441291418
1	3600	-2	64.05	65.24	45.02	42.38	16.92	0.19036	3.9.2015	14:43:39	1441291419
1	3600	-2	63.89	65.26	45.51	41.99	16.92	0.18963	3.9.2015	14:43:40	1441291420
1	3600	-2	63.79	65.21	45.41	42.19	16.97	0.1898	3.9.2015	14:43:41	1441291421
1	3600	-2	64.01	65.31	46.39	42.68	16.91	0.19005	3.9.2015	14:43:42	1441291422
1	3600	-2	63.64	65.47	45.7	42.68	16.94	0.18932	3.9.2015	14:43:44	1441291424
1	3600	-2	63.75	66.03	45.31	42.19	16.94	0.18989	3.9.2015	14:43:45	1441291425
1	3600	-2	63.85	65.95	45.41	43.07	16.94	0.19092	3.9.2015	14:43:46	1441291426
1	3600	-2	63.96	65.45	46.09	41.99	16.96	0.19024	3.9.2015	14:43:47	1441291427
1	3600	-2	63.96	65.48	45.31	42.68	16.92	0.18997	3.9.2015	14:43:48	1441291428
1	3600	-2	64.07	65.62	45.7	42.87	16.95	0.1905	3.9.2015	14:43:49	1441291429
1	3600	-2	63.79	65.33	45.41	41.99	16.94	0.19006	3.9.2015	14:43:51	1441291431
1	3600	-2	64.01	65.39	45.61	42.77	16.92	0.19043	3.9.2015	14:43:52	1441291432
1	3600	-2	63.98	65.3	45.8	42.09	16.96	0.18958	3.9.2015	14:43:53	1441291433
1	3600	-2	63.62	65.33	45.02	42.09	16.91	0.18995	3.9.2015	14:43:54	1441291434
1	3600	-2	64.04	65.51	45.8	42.29	16.94	0.19087	3.9.2015	14:43:55	1441291435
1	3600	-2	63.67	65.18	45.41	43.36	16.93	0.18917	3.9.2015	14:43:56	1441291436
1	3600	-2	63.9	65.44	45.31	41.99	16.95	0.19108	3.9.2015	14:43:58	1441291438
1	3600	-2	63.81	65.44	45.8	42.77	16.94	0.19021	3.9.2015	14:43:59	1441291439
1	3600	-2	63.92	65.42	45.51	42.38	16.93	0.19084	3.9.2015	14:44:00	1441291440
1	3600	-2	64.11	65.59	45.8	43.16	16.96	0.18983	3.9.2015	14:44:01	1441291441
1	3600	-2	64.04	65.62	45.9	42.38	16.94	0.19006	3.9.2015	14:44:02	1441291442
1	3600	-2	63.8	65.53	45.7	42.87	16.96	0.18899	3.9.2015	14:44:03	1441291443
1	3600	-2	63.86	65.85	45.51	42.19	16.92	0.18995	3.9.2015	14:44:04	1441291444
1	3600	-2	63.93	66.13	45.61	42.38	16.96	0.18949	3.9.2015	14:44:06	1441291446
1	3600	-2	63.76	65.64	45.41	42.38	16.93	0.19003	3.9.2015	14:44:07	1441291447
1	3600	-2	63.71	65.75	45.61	42.48	16.93	0.18994	3.9.2015	14:44:08	1441291448
1	3600	-2	64.04	65.84	45.41	42.48	16.94	0.1904	3.9.2015	14:44:09	1441291449
1	3600	-2	63.93	65.66	45.21	42.68	16.92	0.19061	3.9.2015	14:44:10	1441291450
1	3600	-2	63.96	65.72	46.19	42.77	16.91	0.18898	3.9.2015	14:44:11	1441291451
1	3600	-2	63.95	65.69	45.31	41.99	16.89	0.18981	3.9.2015	14:44:13	1441291453
1	3600	-2	63.99	65.88	46.09	42.38	16.93	0.18953	3.9.2015	14:44:14	1441291454
1	3600	-2	63.8	65.88	45.7	43.07	16.93	0.18964	3.9.2015	14:44:15	1441291455
1	3600	-2	64.05	65.23	45.21	42.77	16.93	0.19061	3.9.2015	14:44:16	1441291456
1	3600	-2	63.82	65.25	45.31	42.58	16.95	0.19022	3.9.2015	14:44:17	1441291457
1	3600	-2	63.78	65.53	46	42.58	16.92	0.19005	3.9.2015	14:44:18	1441291458
1	3600	-2	63.67	65.2	45.8	42.97	16.93	0.19031	3.9.2015	14:44:19	1441291459
1	3600	-2	63.93	64.86	45.61	42.58	16.95	0.18988	3.9.2015	14:44:21	1441291461
1	3600	-2	63.72	64.54	45.41	42.77	16.94	0.18952	3.9.2015	14:44:22	1441291462
1	3600	-2	63.75	64.43	46	42.97	16.97	0.19031	3.9.2015	14:44:23	1441291463
1	3600	-2	63.72	64.13	45.9	43.16	16.95	0.1903	3.9.2015	14:44:24	1441291464
1	3600	-2	63.69	64.53	45.51	42.58	16.96	0.19038	3.9.2015	14:44:25	1441291465
1	3600	-2	63.76	64.45	46	42.58	16.93	0.19005	3.9.2015	14:44:26	1441291466
1	3600	-2	63.84	64.83	45.7	43.16	16.94	0.18991	3.9.2015	14:44:28	1441291468
1	3600	-2	63.88	64.38	45.51	42.68	16.93	0.19039	3.9.2015	14:44:29	1441291469
1	3600	-2	64.06	64.6	45.9	42.29	16.96	0.19014	3.9.2015	14:44:30	1441291470
1	3600	-2	63.7	64.39	45.31	42.97	16.94	0.19038	3.9.2015	14:44:31	1441291471
1	3600	-2	63.94	64.44	45.61	42.68	16.96	0.18996	3.9.2015	14:44:32	1441291472
1	3600	-2	64.16	64.61	45.61	43.16	16.92	0.19165	3.9.2015	14:44:33	1441291473
1	3600	-2	63.85	64.8	45.61	42.48	16.95	0.18917	3.9.2015	14:44:35	1441291475
1	3600	-2	63.84	64.28	45.41	43.36	16.91	0.18885	3.9.2015	14:44:36	1441291476
1	3600	-2	63.87	64.33	45.9	42.87	16.94	0.18965	3.9.2015	14:44:37	1441291477
1	3600	-2	64.17	64.01	45.7	42.38	16.9	0.19011	3.9.2015	14:44:38	1441291478
1	3600	-2	63.71	64.5	45.7	42.38	16.95	0.19025	3.9.2015	14:44:39	1441291479
1	3600	-2	64.05	64.5	45.7	42.29	16.94	0.1893	3.9.2015	14:44:40	1441291480
1	3600	-2	63.61	64.37	45.41	42.87	16.97	0.18998	3.9.2015	14:44:41	1441291481
1	3600	-2	63.83	64.31	45.7	43.36	16.92	0.19025	3.9.2015	14:44:43	1441291483
1	3600	-2	63.84	64.31	45.61	42.87	16.95	0.1892	3.9.2015	14:44:44	1441291484
1	3600	-2	63.93	63.99	46.19	43.26	16.93	0.1904	3.9.2015	14:44:45	1441291485
1	3600	-2	63.98	63.96	45.51	42.58	16.96	0.18952	3.9.2015	14:44:46	1441291486
1	3600	-2	63.87	64.1	46.19	42.29	16.94	0.19035	3.9.2015	14:44:47	1441291487
1	3600	-2	63.86	63.68	45.51	42.19	16.93	0.19032	3.9.2015	14:44:48	1441291488
1	3600	-2	64.02	63.95	45.41	42.68	16.95	0.19006	3.9.2015	14:44:50	1441291490
1	3600	-2	63.99	63.83	45.61	43.36	16.91	0.19074	3.9.2015	14:44:51	1441291491
1	3600	-2	63.79	63.97	45.51	42.87	16.94	0.18972	3.9.2015	14:44:52	1441291492
1	3600	-2	63.6	64.24	45.21	42.68	16.91	0.19037	3.9.2015	14:44:53	1441291493
1	3600	-2	63.82	64.26	46	42.68	16.95	0.1898	3.9.2015	14:44:54	1441291494
1	3600	-2	63.92	64.68	45.51	42.48	16.92	0.19026	3.9.2015	14:44:55	1441291495
1	3600	-2	63.92	64.49	46.29	42.77	16.93	0.19089	3.9.2015	14:44:56	1441291496
1	3600	-2	63.96	64.71	45.9	42.48	16.94	0.18982	3.9.2015	14:44:58	1441291498
1	3600	-2	63.78	64.12	45.51	42.48	16.92	0.18949	3.9.2015	14:44:59	1441291499
1	3600	-2	63.93	64.22	45.21	42.48	16.97	0.18936	3.9.2015	14:45:00	1441291500
1	3600	-2	63.63	64.24	45.21	42.19	16.94	0.18937	3.9.2015	14:45:01	1441291501
1	3600	-2	63.98	64.01	45.7	43.26	16.96	0.18911	3.9.2015	14:45:02	1441291502
1	3600	-2	63.73	63.92	45.41	42.68	16.93	0.18943	3.9.2015	14:45:03	1441291503
1	3600	-2	63.94	63.74	46.09	42.97	16.96	0.18919	3.9.2015	14:45:05	1441291505
1	3600	-2	63.71	63.8	45.31	42.38	16.95	0.19099	3.9.2015	14:45:06	1441291506
1	3600	-2	63.9	63.71	45.51	43.07	16.93	0.18864	3.9.2015	14:45:07	1441291507
1	3600	-2	63.69	63.42	46	42.97	16.95	0.1882	3.9.2015	14:45:08	1441291508
1	3600	-2	63.92	63.36	45.31	42.87	16.93	0.18892	3.9.2015	14:45:09	1441291509
1	3600	-2	63.77	63.51	46	43.07	16.97	0.19017	3.9.2015	14:45:10	1441291510
1	3600	-2	64.14	63.81	45.51	43.65	16.94	0.18874	3.9.2015	14:45:12	1441291512
1	3600	-2	63.65	63.75	45.51	42.68	16.96	0.19091	3.9.2015	14:45:13	1441291513
1	3600	-2	63.56	62.94	45.7	42.97	16.93	0.18965	3.9.2015	14:45:14	1441291514
1	3600	-2	64.04	63.33	46.39	43.07	16.95	0.18966	3.9.2015	14:45:15	1441291515
1	3600	-2	63.83	63.57	45.7	42.77	16.94	0.18988	3.9.2015	14:45:16	1441291516
1	3600	-2	63.84	63.43	45.61	43.16	16.93	0.19072	3.9.2015	14:45:17	1441291517
1	3600	-2	63.96	63.66	46	42.58	16.98	0.19027	3.9.2015	14:45:18	1441291518
1	3600	-2	63.85	63.75	46.78	42.87	16.94	0.1906	3.9.2015	14:45:20	1441291520
1	3600	-2	64.06	63.73	45.7	42.97	16.97	0.1902	3.9.2015	14:45:21	1441291521
1	3600	-2	63.94	63.6	46.39	42.97	16.96	0.1895	3.9.2015	14:45:22	1441291522
1	3600	-2	64.05	63.46	45.7	43.26	16.94	0.19007	3.9.2015	14:45:23	1441291523
1	3600	-2	63.72	63.25	46	43.26	16.97	0.19013	3.9.2015	14:45:24	1441291524
1	3600	-2	63.99	63.23	45.51	42.87	16.96	0.1903	3.9.2015	14:45:25	1441291525
1	3600	-2	63.7	63.05	45.9	42.58	16.98	0.19066	3.9.2015	14:45:27	1441291527
1	3600	-2	63.58	63.16	46.19	42.48	16.96	0.1904	3.9.2015	14:45:28	1441291528
1	3600	-2	63.86	63.27	45.7	42.58	16.96	0.18918	3.9.2015	14:45:29	1441291529
1	3600	-2	64.13	63.22	45.9	42.68	16.97	0.18946	3.9.2015	14:45:30	1441291530
1	3600	-2	63.95	63.62	45.7	42.48	16.94	0.18899	3.9.2015	14:45:31	1441291531
1	3600	-2	64.11	63.76	45.61	43.07	16.96	0.18933	3.9.2015	14:45:32	1441291532
1	3600	-2	63.73	63.88	46.39	42.97	16.94	0.19075	3.9.2015	14:45:33	1441291533
1	3600	-2	63.79	63.66	46.09	42.97	16.95	0.18899	3.9.2015	14:45:35	1441291535
1	3600	-2	63.79	63.54	45.51	42.19	16.96	0.18863	3.9.2015	14:45:36	1441291536
1	3600	-2	64.04	63.75	46.09	42.48	16.95	0.18918	3.9.2015	14:45:37	1441291537
1	3600	-2	63.78	63.74	45.61	42.87	16.98	0.18923	3.9.2015	14:45:38	1441291538
1	3600	-2	64.07	63.77	45.8	42.97	16.96	0.19083	3.9.2015	14:45:39	1441291539
1	3600	-2	63.75	63.68	46	42.68	16.97	0.18992	3.9.2015	14:45:40	1441291540
1	3600	-2	63.81	63.88	45.21	43.16	16.99	0.18932	3.9.2015	14:45:42	1441291542
1	3600	-2	63.8	63.66	45.8	42.38	16.95	0.18975	3.9.2015	14:45:43	1441291543
1	3600	-2	63.86	63.99	45.8	42.77	16.98	0.18914	3.9.2015	14:45:44	1441291544
1	3600	-2	64.03	64.33	45.61	42.29	16.98	0.19091	3.9.2015	14:45:45	1441291545
1	3600	-2	63.91	64.32	45.8	42.87	16.96	0.18891	3.9.2015	14:45:46	1441291546
1	3600	-2	63.87	64.27	46.19	42.38	16.98	0.18939	3.9.2015	14:45:47	1441291547
1	3600	-2	63.72	64.22	45.51	42.87	16.96	0.19026	3.9.2015	14:45:49	1441291549
1	3600	-2	63.75	64.34	45.8	42.87	16.96	0.18865	3.9.2015	14:45:50	1441291550
1	3600	-2	63.95	64.42	45.8	42.87	16.98	0.18855	3.9.2015	14:45:51	1441291551
1	3600	-2	63.96	64.62	45.8	41.99	16.93	0.18966	3.9.2015	14:45:52	1441291552
1	3600	-2	63.88	64.74	46.29	42.97	16.97	0.19014	3.9.2015	14:45:53	1441291553
1	3600	-2	63.64	64.86	45.61	43.16	16.95	0.18923	3.9.2015	14:45:54	1441291554
1	3600	-2	63.69	65.14	46	43.16	16.95	0.1882	3.9.2015	14:45:55	1441291555
1	3600	-2	63.89	65.13	46.19	42.19	16.96	0.1884	3.9.2015	14:45:57	1441291557
1	3600	-2	64.12	65.07	46.48	42.68	16.95	0.18881	3.9.2015	14:45:58	1441291558
1	3600	-2	63.97	65.11	45.7	42.38	16.99	0.18996	3.9.2015	14:45:59	1441291559
1	3600	-2	63.88	65.21	45.7	42.77	16.97	0.18951	3.9.2015	14:46:00	1441291560
1	3600	-2	63.9	65.13	46.39	42.77	16.97	0.18959	3.9.2015	14:46:01	1441291561
1	3600	-2	63.68	65.41	45.41	42.77	16.99	0.18856	3.9.2015	14:46:02	1441291562
1	3600	-2	64.04	65.51	45.41	43.07	16.98	0.18788	3.9.2015	14:46:04	1441291564
1	3600	-2	63.85	65.09	45.7	43.95	16.95	0.18938	3.9.2015	14:46:05	1441291565
1	3600	-2	64.13	64.84	45.7	42.68	16.99	0.18837	3.9.2015	14:46:06	1441291566
1	3600	-2	63.79	64.58	45.8	43.26	16.98	0.18952	3.9.2015	14:46:07	1441291567
1	3600	-2	63.8	64.28	45.7	43.07	16.96	0.18907	3.9.2015	14:46:08	1441291568
1	3600	-2	63.72	64.51	46.29	42.58	16.98	0.18917	3.9.2015	14:46:09	1441291569
1	3600	-2	63.66	64.5	45.8	42.48	16.98	0.18887	3.9.2015	14:46:10	1441291570
1	3600	-2	63.87	64.71	45.41	42.09	16.95	0.18875	3.9.2015	14:46:12	1441291572
1	3600	-2	63.89	64.86	45.8	42.58	16.97	0.1897	3.9.2015	14:46:13	1441291573
1	3600	-2	63.79	65.01	45.21	42.97	16.94	0.18952	3.9.2015	14:46:14	1441291574
1	3600	-2	63.72	65.18	46.09	42.68	16.92	0.18903	3.9.2015	14:46:15	1441291575
1	3600	-2	64	65.03	45.31	42.97	16.97	0.18986	3.9.2015	14:46:16	1441291576
1	3600	-2	64.06	65.07	45.51	42.97	16.95	0.18945	3.9.2015	14:46:17	1441291577
1	3600	-2	63.96	65.14	46.09	42.58	16.94	0.18924	3.9.2015	14:46:19	1441291579
1	3600	-2	64.17	64.73	45.7	42.09	17	0.18944	3.9.2015	14:46:20	1441291580
1	3600	-2	63.77	64.55	46.09	42.48	16.96	0.18946	3.9.2015	14:46:21	1441291581
1	3600	-2	64.23	64.42	45.41	41.5	16.95	0.18945	3.9.2015	14:46:22	1441291582
1	3600	-2	63.78	64.44	45.51	42.58	16.98	0.18973	3.9.2015	14:46:23	1441291583
1	3600	-2	63.6	64.39	45.9	42.68	16.97	0.18936	3.9.2015	14:46:24	1441291584
1	3600	-2	63.91	64.13	45.51	43.07	16.95	0.18987	3.9.2015	14:46:26	1441291586
1	3600	-2	64.04	64.34	46.29	43.07	16.98	0.19042	3.9.2015	14:46:27	1441291587
1	3600	-2	63.97	64.23	45.7	43.46	16.97	0.18977	3.9.2015	14:46:28	1441291588
1	3600	-2	64.07	64.27	45.41	42.48	16.96	0.18931	3.9.2015	14:46:29	1441291589
1	3600	-2	63.95	64.21	45.61	43.46	16.97	0.18961	3.9.2015	14:46:30	1441291590
1	3600	-2	63.96	64.22	45.9	42.58	16.94	0.18937	3.9.2015	14:46:31	1441291591
1	3600	-2	63.74	64.21	45.9	42.87	16.94	0.19029	3.9.2015	14:46:32	1441291592
1	3600	-2	63.86	64	45.8	42.29	16.95	0.18925	3.9.2015	14:46:34	1441291594
1	3600	-2	64.11	64.02	45.7	42.87	16.94	0.19076	3.9.2015	14:46:35	1441291595
1	3600	-2	63.72	64.38	45.7	42.97	16.94	0.19059	3.9.2015	14:46:36	1441291596
1	3600	-2	63.67	64.77	46	42.97	16.96	0.18995	3.9.2015	14:46:37	1441291597
1	3600	-2	63.93	64.86	46.19	42.29	16.95	0.18976	3.9.2015	14:46:38	1441291598
1	3600	-2	63.84	64.6	46.09	42.38	16.93	0.18942	3.9.2015	14:46:39	1441291599
1	3600	-2	63.97	64.56	46.48	42.77	16.99	0.18878	3.9.2015	14:46:41	1441291601
1	3600	-2	63.93	64.99	46.19	43.16	16.97	0.18899	3.9.2015	14:46:42	1441291602
1	3600	-2	63.8	64.8	46.29	42.29	16.96	0.18979	3.9.2015	14:46:43	1441291603
1	3600	-2	63.99	64.72	46.29	43.07	16.95	0.18966	3.9.2015	14:46:44	1441291604
1	3600	-2	63.97	64.63	45.8	42.09	16.93	0.19036	3.9.2015	14:46:45	1441291605
1	3600	-2	63.79	64.79	45.8	43.16	16.94	0.18848	3.9.2015	14:46:46	1441291606
1	3600	-2	63.79	64.99	46	42.58	16.98	0.18856	3.9.2015	14:46:47	1441291607
1	3600	-2	63.57	65.21	46.29	43.36	16.95	0.18841	3.9.2015	14:46:49	1441291609
1	3600	-2	63.96	65.04	45.51	43.16	16.95	0.18842	3.9.2015	14:46:50	1441291610
1	3600	-2	63.73	65.1	46	41.99	16.95	0.1888	3.9.2015	14:46:51	1441291611
1	3600	-2	64.02	64.84	46.39	42.77	16.94	0.189	3.9.2015	14:46:52	1441291612
1	3600	-2	63.59	64.6	46.39	43.16	16.93	0.1898	3.9.2015	14:46:53	1441291613
1	3600	-2	63.96	64.7	46.19	43.07	16.95	0.18976	3.9.2015	14:46:54	1441291614
1	3600	-2	63.63	64.44	46.09	42.97	16.93	0.18992	3.9.2015	14:46:56	1441291616
1	3600	-2	64.09	64.54	45.9	42.68	16.94	0.18981	3.9.2015	14:46:57	1441291617
1	3600	-2	63.92	64.4	46.09	42.87	16.96	0.19004	3.9.2015	14:46:58	1441291618
1	3600	-2	64.04	64.53	45.61	42.87	16.93	0.19025	3.9.2015	14:46:59	1441291619
1	3600	-2	63.8	64.93	45.9	42.58	16.96	0.19101	3.9.2015	14:47:00	1441291620
1	3600	-2	63.68	64.9	46.19	42.29	16.99	0.19076	3.9.2015	14:47:01	1441291621
1	3600	-2	63.72	64.55	45.9	43.16	16.95	0.18938	3.9.2015	14:47:03	1441291623
1	3600	-2	63.86	64.73	45.8	43.07	16.94	0.18919	3.9.2015	14:47:04	1441291624
1	3600	-2	63.96	64.78	45.9	42.97	16.98	0.1906	3.9.2015	14:47:05	1441291625
1	3600	-2	63.96	64.74	45.51	42.77	16.97	0.19013	3.9.2015	14:47:06	1441291626
1	3600	-2	63.99	64.64	46	43.55	16.95	0.18969	3.9.2015	14:47:07	1441291627
1	3600	-2	64.22	64.45	46	42.38	16.96	0.19067	3.9.2015	14:47:08	1441291628
1	3600	-2	63.88	64.61	45.51	42.48	16.96	0.1896	3.9.2015	14:47:09	1441291629
1	3600	-2	63.59	64.49	46.39	43.36	16.94	0.18936	3.9.2015	14:47:11	1441291631
1	3600	-2	63.82	64.68	45.8	42.29	16.93	0.19003	3.9.2015	14:47:12	1441291632
1	3600	-2	63.61	64.24	46.29	43.07	16.97	0.18971	3.9.2015	14:47:13	1441291633
1	3600	-2	63.91	64.26	45.7	42.48	16.94	0.1898	3.9.2015	14:47:14	1441291634
1	3600	-2	63.69	64.16	46.39	43.55	16.94	0.18996	3.9.2015	14:47:15	1441291635
1	3600	-2	63.39	64.2	46.09	42.38	16.95	0.18993	3.9.2015	14:47:16	1441291636
1	3600	-2	63.69	64.08	45.7	42.68	16.95	0.18924	3.9.2015	14:47:18	1441291638
1	3600	-2	63.73	64.37	45.7	42.68	16.95	0.18933	3.9.2015	14:47:19	1441291639
1	3600	-2	63.61	64.04	46	42.38	16.96	0.19025	3.9.2015	14:47:20	1441291640
1	3600	-2	63.64	64.37	46.29	42.87	16.94	0.19022	3.9.2015	14:47:21	1441291641
1	3600	-2	63.66	64.55	45.9	43.16	16.94	0.18971	3.9.2015	14:47:22	1441291642
1	3600	-2	63.69	64.32	46.58	43.07	16.98	0.19055	3.9.2015	14:47:23	1441291643
1	3600	-2	63.86	64.26	45.7	42.87	16.95	0.18975	3.9.2015	14:47:24	1441291644
1	3600	-2	63.82	64.37	46.39	42.87	16.94	0.19033	3.9.2015	14:47:26	1441291646
1	3600	-2	63.78	64.17	46.29	42.77	16.97	0.18907	3.9.2015	14:47:27	1441291647
1	3600	-2	64.02	64.08	45.8	42.97	16.95	0.18934	3.9.2015	14:47:28	1441291648
1	3600	-2	63.86	64.29	45.9	43.26	16.94	0.19011	3.9.2015	14:47:29	1441291649
1	3600	-2	63.83	64.27	45.7	42.97	16.98	0.19021	3.9.2015	14:47:30	1441291650
1	3600	-2	63.82	63.96	46.19	43.26	16.93	0.18824	3.9.2015	14:47:31	1441291651
1	3600	-2	63.85	64.34	45.7	43.36	16.93	0.18964	3.9.2015	14:47:33	1441291653
1	3600	-2	64.02	63.9	46.09	42.97	16.93	0.18963	3.9.2015	14:47:34	1441291654
1	3600	-2	63.97	63.91	46.48	42.97	16.9	0.1891	3.9.2015	14:47:35	1441291655
1	3600	-2	64	63.81	46.78	42.68	16.95	0.18921	3.9.2015	14:47:36	1441291656
1	3600	-2	63.9	63.42	45.8	42.87	16.95	0.18926	3.9.2015	14:47:37	1441291657
1	3600	-2	64.07	63.08	45.8	43.07	16.95	0.1896	3.9.2015	14:47:38	1441291658
1	3600	-2	63.86	63.52	45.8	42.77	16.97	0.19013	3.9.2015	14:47:40	1441291660
1	3600	-2	63.69	63.11	45.8	43.16	16.95	0.18917	3.9.2015	14:47:41	1441291661
1	3600	-2	63.76	63	45.8	42.87	16.95	0.18978	3.9.2015	14:47:42	1441291662
1	3600	-2	63.93	62.74	45.51	42.77	16.98	0.18958	3.9.2015	14:47:43	1441291663
1	3600	-2	63.97	62.79	45.41	42.58	16.94	0.18894	3.9.2015	14:47:44	1441291664
1	3600	-2	63.91	62.55	46.58	43.46	16.96	0.1895	3.9.2015	14:47:45	1441291665
1	3600	-2	64.06	62.66	45.7	42.38	16.97	0.18916	3.9.2015	14:47:46	1441291666
1	3600	-2	63.83	62.71	46.29	42.38	16.95	0.18985	3.9.2015	14:47:48	1441291668
1	3600	-2	63.72	62.64	45.9	42.48	17	0.19007	3.9.2015	14:47:49	1441291669
1	3600	-2	63.97	62.6	45.7	43.55	16.96	0.1904	3.9.2015	14:47:50	1441291670
1	3600	-2	63.75	62.59	46.09	42.97	16.95	0.19046	3.9.2015	14:47:51	1441291671
1	3600	-2	63.92	62.61	45.61	42.77	16.98	0.1903	3.9.2015	14:47:52	1441291672
1	3600	-2	63.76	62.5	45.51	43.36	16.96	0.18975	3.9.2015	14:47:53	1441291673
1	3600	-2	63.81	62.75	46.19	42.38	16.94	0.18976	3.9.2015	14:47:55	1441291675
1	3600	-2	63.87	62.62	45.7	42.77	16.98	0.19025	3.9.2015	14:47:56	1441291676
1	3600	-2	63.96	62.69	46.19	42.58	16.97	0.18925	3.9.2015	14:47:57	1441291677
1	3600	-2	63.69	62.67	45.7	42.97	16.94	0.19016	3.9.2015	14:47:58	1441291678
1	3600	-2	63.97	62.53	46	43.26	16.96	0.19026	3.9.2015	14:47:59	1441291679
1	3600	-2	63.87	62.77	46.29	42.58	16.98	0.1908	3.9.2015	14:48:00	1441291680
1	3600	-2	63.75	63.12	46	42.48	16.97	0.19042	3.9.2015	14:48:01	1441291681
1	3600	-2	64.1	62.79	45.61	42.68	16.97	0.18916	3.9.2015	14:48:03	1441291683
1	3600	-2	63.84	62.51	46.29	42.58	16.98	0.18974	3.9.2015	14:48:04	1441291684
1	3600	-2	63.99	62.79	45.7	42.97	16.99	0.19	3.9.2015	14:48:05	1441291685
1	3600	-2	63.96	63.2	46.09	42.68	16.98	0.18978	3.9.2015	14:48:06	1441291686
1	3600	-2	63.88	62.81	46.48	43.16	16.97	0.19053	3.9.2015	14:48:07	1441291687
1	3600	-2	63.9	62.99	45.9	42.48	16.96	0.18907	3.9.2015	14:48:08	1441291688
1	3600	-2	63.74	63.11	46.19	42.77	16.98	0.18908	3.9.2015	14:48:10	1441291690
1	3600	-2	63.98	63.21	46.29	42.48	16.96	0.18861	3.9.2015	14:48:11	1441291691
1	3600	-2	63.93	62.34	46.19	43.07	16.95	0.1896	3.9.2015	14:48:12	1441291692
1	3600	-2	63.96	63.02	45.9	42.68	16.96	0.18992	3.9.2015	14:48:13	1441291693
1	3600	-2	63.92	63.03	46.19	43.07	16.97	0.18858	3.9.2015	14:48:14	1441291694
1	3600	-2	63.95	62.85	45.8	42.68	16.95	0.19001	3.9.2015	14:48:15	1441291695
1	3600	-2	63.98	62.78	46.97	42.48	16.94	0.18959	3.9.2015	14:48:17	1441291697
1	3600	-2	63.94	62.73	45.9	43.26	16.97	0.19038	3.9.2015	14:48:18	1441291698
1	3600	-2	64.06	63	45.8	42.87	16.98	0.18978	3.9.2015	14:48:19	1441291699
1	3600	-2	63.59	62.36	45.9	43.26	16.98	0.18825	3.9.2015	14:48:20	1441291700
1	3600	-2	63.73	62.66	46.19	42.58	16.97	0.18946	3.9.2015	14:48:21	1441291701
1	3600	-2	63.9	62.67	46.48	43.55	16.96	0.18977	3.9.2015	14:48:22	1441291702
1	3600	-2	63.83	62.68	46.09	42.87	16.98	0.1899	3.9.2015	14:48:23	1441291703
1	3600	-2	63.9	62.43	46.48	42.87	16.99	0.19055	3.9.2015	14:48:25	1441291705
1	3600	-2	63.9	62.36	45.8	42.77	16.98	0.19108	3.9.2015	14:48:26	1441291706
1	3600	-2	64.11	62.55	46	43.16	16.97	0.19075	3.9.2015	14:48:27	1441291707
1	3600	-2	64.05	62.27	46.09	43.07	16.99	0.18936	3.9.2015	14:48:28	1441291708
1	3600	-2	64.07	62.34	46.58	42.77	16.99	0.1913	3.9.2015	14:48:29	1441291709
1	3600	-2	63.78	62.47	45.7	42.58	16.97	0.18993	3.9.2015	14:48:30	1441291710
1	3600	-2	63.81	62.76	45.7	42.87	16.94	0.18914	3.9.2015	14:48:32	1441291712
1	3600	-2	63.96	62.84	46.29	43.16	16.97	0.18966	3.9.2015	14:48:33	1441291713
1	3600	-2	63.82	62.74	45.7	42.68	16.97	0.18894	3.9.2015	14:48:34	1441291714
1	3600	-2	63.9	62.6	45.9	43.65	16.95	0.1903	3.9.2015	14:48:35	1441291715
1	3600	-2	64.02	62.61	46.68	42.68	16.94	0.18973	3.9.2015	14:48:36	1441291716
1	3600	-2	63.83	62.56	46.29	43.07	16.96	0.18922	3.9.2015	14:48:37	1441291717
1	3600	-2	63.74	62.7	45.8	42.29	16.99	0.18863	3.9.2015	14:48:38	1441291718
1	3600	-2	63.88	62.62	46.78	43.65	16.97	0.18862	3.9.2015	14:48:40	1441291720
1	3600	-2	63.97	62.33	45.8	43.07	16.97	0.18878	3.9.2015	14:48:41	1441291721
1	3600	-2	63.85	62.42	45.7	42.58	16.99	0.18889	3.9.2015	14:48:42	1441291722
1	3600	-2	63.92	62.83	46	42.48	16.98	0.19027	3.9.2015	14:48:43	1441291723
1	3600	-2	63.75	62.84	46.09	42.38	16.96	0.18957	3.9.2015	14:48:44	1441291724
1	3600	-2	63.87	63.21	46	42.48	16.97	0.18966	3.9.2015	14:48:45	1441291725
1	3600	-2	64.05	63.18	46.19	42.87	16.98	0.19044	3.9.2015	14:48:47	1441291727
1	3600	-2	63.87	63.63	46.58	42.77	16.97	0.18939	3.9.2015	14:48:48	1441291728
1	3600	-2	64.08	63.74	46.19	42.48	16.98	0.18955	3.9.2015	14:48:49	1441291729
1	3600	-2	63.83	64.08	46.09	43.46	16.97	0.19047	3.9.2015	14:48:50	1441291730
1	3600	-2	63.94	64.22	46	43.16	16.99	0.19034	3.9.2015	14:48:51	1441291731
1	3600	-2	63.93	63.96	46.78	43.26	16.97	0.19031	3.9.2015	14:48:52	1441291732
1	3600	-2	64.16	63.97	46.39	42.87	16.94	0.19061	3.9.2015	14:48:54	1441291734
1	3600	-2	63.94	64.25	45.9	42.97	16.96	0.19024	3.9.2015	14:48:55	1441291735
1	3600	-2	63.8	64.42	46.19	42.68	16.97	0.18979	3.9.2015	14:48:56	1441291736
1	3600	-2	63.8	64.65	45.7	42.77	16.97	0.18897	3.9.2015	14:48:57	1441291737
1	3600	-2	63.89	64.36	46.19	43.85	16.95	0.18934	3.9.2015	14:48:58	1441291738
1	3600	-2	63.79	64.43	46	42.87	16.96	0.19019	3.9.2015	14:48:59	1441291739
1	3600	-2	63.91	64.47	45.8	43.26	16.98	0.19008	3.9.2015	14:49:00	1441291740
1	3600	-2	64.24	64.55	45.7	42.97	16.98	0.1904	3.9.2015	14:49:02	1441291742
1	3600	-2	63.86	64.41	46.19	43.16	16.96	0.18901	3.9.2015	14:49:03	1441291743
1	3600	-2	63.83	64.65	45.8	43.16	16.97	0.19017	3.9.2015	14:49:04	1441291744
1	3600	-2	63.9	64	46.19	43.46	16.98	0.1897	3.9.2015	14:49:05	1441291745
1	3600	-2	63.98	64.1	45.8	42.77	16.96	0.19044	3.9.2015	14:49:06	1441291746
1	3600	-2	63.92	64.01	45.9	43.16	16.94	0.18901	3.9.2015	14:49:07	1441291747
1	3600	-2	63.96	64.04	46	42.68	16.97	0.18973	3.9.2015	14:49:09	1441291749
1	3600	-2	63.66	64.11	46.09	42.77	16.97	0.19002	3.9.2015	14:49:10	1441291750
1	3600	-2	64	64.33	46.19	42.09	16.94	0.19086	3.9.2015	14:49:11	1441291751
1	3600	-2	63.72	64.37	45.9	42.58	16.93	0.18894	3.9.2015	14:49:12	1441291752
1	3600	-2	63.95	64.22	46	42.87	16.95	0.18966	3.9.2015	14:49:13	1441291753
1	3600	-2	63.74	64.22	46	43.46	16.95	0.19051	3.9.2015	14:49:14	1441291754
1	3600	-2	63.62	64.36	46.88	42.68	16.94	0.19034	3.9.2015	14:49:15	1441291755
1	3600	-2	64.14	64.38	46.09	43.65	16.95	0.18922	3.9.2015	14:49:17	1441291757
1	3600	-2	64.17	64.91	46.39	43.36	16.96	0.18975	3.9.2015	14:49:18	1441291758
1	3600	-2	63.8	65.3	46.19	42.48	16.96	0.19046	3.9.2015	14:49:19	1441291759
1	3600	-2	63.82	65.42	46.48	43.16	16.94	0.18981	3.9.2015	14:49:20	1441291760
1	3600	-2	64.12	65.27	46	42.09	16.96	0.18917	3.9.2015	14:49:21	1441291761
1	3600	-2	63.83	65.12	46.48	42.77	16.95	0.18935	3.9.2015	14:49:22	1441291762
1	3600	-2	63.67	65.25	46.97	42.97	16.94	0.18922	3.9.2015	14:49:24	1441291764
1	3600	-2	64.11	64.51	46.48	43.16	16.94	0.18875	3.9.2015	14:49:25	1441291765
1	3600	-2	64.05	64.28	46.58	43.26	16.97	0.18944	3.9.2015	14:49:26	1441291766
1	3600	-2	63.79	64.31	45.9	43.46	16.96	0.18998	3.9.2015	14:49:27	1441291767
1	3600	-2	63.97	64.32	46.29	43.36	16.96	0.18915	3.9.2015	14:49:28	1441291768
1	3600	-2	64.07	64.38	45.9	43.36	16.95	0.18969	3.9.2015	14:49:29	1441291769
1	3600	-2	63.88	64.12	46.09	42.77	16.92	0.18981	3.9.2015	14:49:31	1441291771
1	3600	-2	64.05	63.92	45.9	43.16	16.95	0.19042	3.9.2015	14:49:32	1441291772
1	3600	-2	63.75	64.24	46.19	42.87	16.95	0.18979	3.9.2015	14:49:33	1441291773
1	3600	-2	63.81	64.08	45.9	42.68	16.94	0.19008	3.9.2015	14:49:34	1441291774
1	3600	-2	63.71	63.79	46.68	43.46	16.94	0.19028	3.9.2015	14:49:35	1441291775
1	3600	-2	63.9	63.86	46.58	43.07	16.96	0.18996	3.9.2015	14:49:36	1441291776
1	3600	-2	63.87	63.83	46.88	43.46	16.94	0.18875	3.9.2015	14:49:37	1441291777
1	3600	-2	63.64	64	45.8	42.87	16.94	0.18999	3.9.2015	14:49:39	1441291779
1	3600	-2	63.84	63.9	45.9	42.87	16.97	0.18994	3.9.2015	14:49:40	1441291780
1	3600	-2	63.63	64.04	46.29	43.07	16.98	0.18931	3.9.2015	14:49:41	1441291781
1	3600	-2	64.01	63.74	46.68	43.16	16.95	0.18951	3.9.2015	14:49:42	1441291782
1	3600	-2	63.97	63.88	46.09	42.97	16.96	0.19004	3.9.2015	14:49:43	1441291783
1	3600	-2	63.67	63.64	46.29	43.46	16.99	0.19004	3.9.2015	14:49:44	1441291784
1	3600	-2	63.96	63.54	46.19	42.97	16.98	0.18987	3.9.2015	14:49:46	1441291786
1	3600	-2	63.87	63.21	46	42.97	16.96	0.1901	3.9.2015	14:49:47	1441291787
1	3600	-2	63.97	63.6	45.7	42.97	16.97	0.1896	3.9.2015	14:49:48	1441291788
1	3600	-2	63.95	63.16	46.58	42.68	17	0.18929	3.9.2015	14:49:49	1441291789
1	3600	-2	63.86	63.46	46	43.95	16.97	0.19024	3.9.2015	14:49:50	1441291790
1	3600	-2	63.75	63.31	46.29	43.16	16.94	0.19006	3.9.2015	14:49:51	1441291791
1	3600	-2	63.83	63.17	46.58	43.16	16.95	0.18963	3.9.2015	14:49:52	1441291792
1	3600	-2	63.91	63.11	45.61	42.97	16.98	0.1904	3.9.2015	14:49:54	1441291794
1	3600	-2	63.86	63.19	46.88	43.07	16.98	0.1901	3.9.2015	14:49:55	1441291795
1	3600	-2	63.81	63.42	46	43.07	16.95	0.19053	3.9.2015	14:49:56	1441291796
1	3600	-2	63.86	63.23	45.9	43.07	16.95	0.19004	3.9.2015	14:49:57	1441291797
1	3600	-2	63.87	63.02	46.09	43.16	16.99	0.19011	3.9.2015	14:49:58	1441291798
1	3600	-2	63.87	63.31	45.7	42.77	16.99	0.18983	3.9.2015	14:49:59	1441291799
1	3600	-2	63.78	63.26	45.9	42.38	16.97	0.18996	3.9.2015	14:50:01	1441291801
1	3600	-2	63.84	63.17	46.29	42.77	16.96	0.19089	3.9.2015	14:50:02	1441291802
1	3600	-2	63.82	63.38	46.39	43.07	16.99	0.18967	3.9.2015	14:50:03	1441291803
1	3600	-2	64.01	63.3	46.19	43.26	16.98	0.19083	3.9.2015	14:50:04	1441291804
1	3600	-2	63.9	63.03	45.9	43.36	16.98	0.18958	3.9.2015	14:50:05	1441291805
1	3600	-2	63.81	62.9	46.78	42.58	16.97	0.18965	3.9.2015	14:50:06	1441291806
1	3600	-2	63.96	62.82	45.8	42.87	16.97	0.18952	3.9.2015	14:50:08	1441291808
1	3600	-2	64.05	62.92	46.19	43.26	17	0.19036	3.9.2015	14:50:09	1441291809
1	3600	-2	64.06	63.4	46.29	42.87	16.99	0.18948	3.9.2015	14:50:10	1441291810
1	3600	-2	63.81	62.93	46	42.97	16.97	0.18978	3.9.2015	14:50:11	1441291811
1	3600	-2	63.85	63.22	45.9	42.77	16.95	0.18993	3.9.2015	14:50:12	1441291812
1	3600	-2	63.77	63.08	45.8	43.16	16.94	0.18898	3.9.2015	14:50:13	1441291813
1	3600	-2	63.77	62.82	46.19	42.87	16.97	0.19031	3.9.2015	14:50:14	1441291814
1	3600	-2	63.78	63.04	46.29	42.87	16.95	0.18952	3.9.2015	14:50:16	1441291816
1	3600	-2	63.96	63.41	46	43.16	16.96	0.19019	3.9.2015	14:50:17	1441291817
1	3600	-2	64.02	63.12	46.58	42.58	16.93	0.18933	3.9.2015	14:50:18	1441291818
1	3600	-2	64.07	63.12	46.09	42.77	16.97	0.19063	3.9.2015	14:50:19	1441291819
1	3600	-2	63.86	62.98	46.19	43.46	16.97	0.18967	3.9.2015	14:50:20	1441291820
1	3600	-2	64.02	62.74	46.09	43.07	16.98	0.18997	3.9.2015	14:50:21	1441291821
1	3600	-2	63.96	63.03	46	43.46	16.99	0.18898	3.9.2015	14:50:23	1441291823
1	3600	-2	64	63.05	46.58	43.46	16.97	0.19038	3.9.2015	14:50:24	1441291824
1	3600	-2	63.77	62.77	46.48	43.26	16.96	0.1901	3.9.2015	14:50:25	1441291825
1	3600	-2	63.79	62.55	46.19	42.97	16.96	0.18993	3.9.2015	14:50:26	1441291826
1	3600	-2	63.79	62.71	46.88	42.97	16.99	0.19039	3.9.2015	14:50:27	1441291827
1	3600	-2	63.99	62.67	46.48	43.46	16.99	0.18891	3.9.2015	14:50:28	1441291828
1	3600	-2	63.59	62.88	46	43.07	17	0.19019	3.9.2015	14:50:29	1441291829
1	3600	-2	63.81	62.93	46.19	42.19	16.97	0.18892	3.9.2015	14:50:31	1441291831
1	3600	-2	63.79	63.39	45.61	43.16	16.94	0.18987	3.9.2015	14:50:32	1441291832
1	3600	-2	63.89	63.59	45.9	43.55	16.98	0.18974	3.9.2015	14:50:33	1441291833
1	3600	-2	63.89	63.56	45.61	42.77	17	0.18919	3.9.2015	14:50:34	1441291834
1	3600	-2	63.96	63.58	46.19	43.16	16.98	0.18908	3.9.2015	14:50:35	1441291835
1	3600	-2	63.85	63.19	46.48	43.26	16.95	0.18866	3.9.2015	14:50:36	1441291836
1	3600	-2	63.87	63.06	46.19	42.48	16.97	0.19018	3.9.2015	14:50:38	1441291838
1	3600	-2	64.1	63.35	46.29	42.77	16.99	0.18898	3.9.2015	14:50:39	1441291839
1	3600	-2	64.07	62.82	46.68	43.46	17.01	0.18983	3.9.2015	14:50:40	1441291840
1	3600	-2	63.91	63.46	46.48	43.26	17	0.18824	3.9.2015	14:50:41	1441291841
1	3600	-2	63.92	63.81	46.29	42.97	16.99	0.18943	3.9.2015	14:50:42	1441291842
1	3600	-2	63.9	63.78	46	43.85	16.98	0.19033	3.9.2015	14:50:43	1441291843
1	3600	-2	63.84	63.48	45.9	43.07	17	0.19023	3.9.2015	14:50:44	1441291844
1	3600	-2	63.82	63.54	45.8	43.65	17.03	0.18996	3.9.2015	14:50:46	1441291846
1	3600	-2	63.83	63.83	47.07	42.77	17.01	0.19067	3.9.2015	14:50:47	1441291847
1	3600	-2	63.96	64.28	45.8	42.97	17	0.18898	3.9.2015	14:50:48	1441291848
1	3600	-2	63.89	64.35	46.39	42.87	16.98	0.19106	3.9.2015	14:50:49	1441291849
1	3600	-2	64.22	64.59	46.19	42.87	16.98	0.19027	3.9.2015	14:50:50	1441291850
1	3600	-2	64.04	64.54	46.39	42.77	16.99	0.18924	3.9.2015	14:50:51	1441291851
1	3600	-2	64.02	65	46	43.55	17	0.18964	3.9.2015	14:50:53	1441291853
1	3600	-2	63.96	64.68	46.19	42.97	16.98	0.18976	3.9.2015	14:50:54	1441291854
1	3600	-2	64.05	64.61	46.58	42.97	16.97	0.19003	3.9.2015	14:50:55	1441291855
1	3600	-2	63.87	64.52	46.68	43.07	16.98	0.1901	3.9.2015	14:50:56	1441291856
1	3600	-2	63.97	64.67	46.78	42.97	17	0.18908	3.9.2015	14:50:57	1441291857
1	3600	-2	64.11	65.09	46.09	43.26	16.98	0.1906	3.9.2015	14:50:58	1441291858
1	3600	-2	64.08	64.91	46.29	42.58	16.97	0.18932	3.9.2015	14:51:00	1441291860
1	3600	-2	63.85	64.63	46.29	42.58	16.99	0.18852	3.9.2015	14:51:01	1441291861
1	3600	-2	63.98	64.21	46.39	42.68	17.02	0.18922	3.9.2015	14:51:02	1441291862
1	3600	-2	63.94	64.62	46.09	43.07	17.01	0.19032	3.9.2015	14:51:03	1441291863
1	3600	-2	64.17	64.32	46	43.16	17	0.18994	3.9.2015	14:51:04	1441291864
1	3600	-2	63.9	64.18	46.48	42.87	16.99	0.18974	3.9.2015	14:51:05	1441291865
1	3600	-2	63.83	64.55	45.9	43.55	17.01	0.19108	3.9.2015	14:51:06	1441291866
1	3600	-2	64.09	64.47	46.48	42.97	17.01	0.19016	3.9.2015	14:51:08	1441291868
1	3600	-2	64.21	64.43	46	42.87	17	0.18855	3.9.2015	14:51:09	1441291869
1	3600	-2	64.04	64.31	46.97	43.36	16.97	0.18938	3.9.2015	14:51:10	1441291870
1	3600	-2	64.07	64.26	46	42.58	16.99	0.18867	3.9.2015	14:51:11	1441291871
1	3600	-2	64.04	64.6	45.8	43.46	17.01	0.18925	3.9.2015	14:51:12	1441291872
1	3600	-2	64.04	64.88	46.68	43.46	17	0.18981	3.9.2015	14:51:13	1441291873
1	3600	-2	63.87	64.58	46.29	43.46	16.99	0.18987	3.9.2015	14:51:15	1441291875
1	3600	-2	64.1	64.44	46.39	42.97	16.99	0.18856	3.9.2015	14:51:16	1441291876
1	3600	-2	64.08	64.53	46.19	43.07	17.01	0.18921	3.9.2015	14:51:17	1441291877
1	3600	-2	63.75	64.12	46	43.26	17.01	0.18968	3.9.2015	14:51:18	1441291878
1	3600	-2	63.97	64.51	46.48	42.77	17.02	0.18962	3.9.2015	14:51:19	1441291879
1	3600	-2	63.96	64.03	46.68	43.07	17	0.18876	3.9.2015	14:51:20	1441291880
1	3600	-2	63.81	63.86	45.8	42.97	17	0.18992	3.9.2015	14:51:21	1441291881
1	3600	-2	63.79	63.71	46.29	43.55	17.01	0.18987	3.9.2015	14:51:23	1441291883
1	3600	-2	64.07	63.69	46	42.77	17.03	0.18821	3.9.2015	14:51:24	1441291884
1	3600	-2	63.95	63.53	46.29	43.16	17.03	0.18962	3.9.2015	14:51:25	1441291885
1	3600	-2	64	63.38	46.19	43.65	17.01	0.18869	3.9.2015	14:51:26	1441291886
1	3600	-2	64	63.31	46.09	43.36	16.99	0.19	3.9.2015	14:51:27	1441291887
1	3600	-2	63.81	63.33	46.39	43.07	17.01	0.19046	3.9.2015	14:51:28	1441291888
1	3600	-2	63.94	63.19	46.88	43.26	17.02	0.19022	3.9.2015	14:51:30	1441291890
1	3600	-2	63.94	63.47	45.8	42.97	16.99	0.18985	3.9.2015	14:51:31	1441291891
1	3600	-2	63.95	63.53	46.19	43.07	16.97	0.18938	3.9.2015	14:51:32	1441291892
1	3600	-2	63.97	63.19	45.7	43.55	17	0.1902	3.9.2015	14:51:33	1441291893
1	3600	-2	64.23	63.24	46	42.87	17.01	0.18962	3.9.2015	14:51:34	1441291894
1	3600	-2	64.06	62.94	46	42.48	16.99	0.19035	3.9.2015	14:51:35	1441291895
1	3600	-2	64	63.41	45.8	43.36	16.97	0.18976	3.9.2015	14:51:37	1441291897
1	3600	-2	63.83	63.29	46.48	42.68	16.98	0.19084	3.9.2015	14:51:38	1441291898
1	3600	-2	64	63.35	46.48	42.87	17.02	0.1907	3.9.2015	14:51:39	1441291899
1	3600	-2	64.06	63.47	46.88	43.55	17	0.19055	3.9.2015	14:51:40	1441291900
1	3600	-2	63.95	63.16	46.58	42.58	16.99	0.18986	3.9.2015	14:51:41	1441291901
1	3600	-2	63.99	63.27	46.97	42.87	17	0.19054	3.9.2015	14:51:42	1441291902
1	3600	-2	63.85	63.56	46.39	43.07	17.02	0.1898	3.9.2015	14:51:43	1441291903
1	3600	-2	63.86	63.69	46.48	43.26	17.02	0.19053	3.9.2015	14:51:45	1441291905
1	3600	-2	64.04	63.54	46.29	42.97	17	0.19038	3.9.2015	14:51:46	1441291906
1	3600	-2	63.78	63.75	45.8	42.97	16.99	0.19002	3.9.2015	14:51:47	1441291907
1	3600	-2	63.83	63.7	46.19	43.36	17	0.1897	3.9.2015	14:51:48	1441291908
1	3600	-2	63.97	63.75	46.19	43.36	17.02	0.19011	3.9.2015	14:51:49	1441291909
1	3600	-2	64.09	63.55	45.9	43.36	17	0.19048	3.9.2015	14:51:50	1441291910
1	3600	-2	63.87	63.54	46.29	42.68	16.99	0.19064	3.9.2015	14:51:52	1441291912
1	3600	-2	64.11	63.54	46.09	43.16	16.98	0.18951	3.9.2015	14:51:53	1441291913
1	3600	-2	63.87	63.54	46.39	43.46	17	0.18814	3.9.2015	14:51:54	1441291914
1	3600	-2	63.94	63.78	46.29	43.55	16.99	0.18996	3.9.2015	14:51:55	1441291915
1	3600	-2	64.04	63.72	46.09	42.77	16.97	0.19068	3.9.2015	14:51:56	1441291916
1	3600	-2	63.83	63.93	46.19	43.36	16.97	0.19043	3.9.2015	14:51:57	1441291917
1	3600	-2	63.95	63.76	46.68	43.16	17.01	0.18982	3.9.2015	14:51:58	1441291918
1	3600	-2	63.96	64.1	46.48	42.87	17	0.18999	3.9.2015	14:52:00	1441291920
1	3600	-2	63.98	64.31	45.8	42.68	16.99	0.19006	3.9.2015	14:52:01	1441291921
1	3600	-2	64	64.3	46.68	43.26	17.01	0.19029	3.9.2015	14:52:02	1441291922
1	3600	-2	64.14	64.08	46.39	43.16	17.02	0.19079	3.9.2015	14:52:03	1441291923
1	3600	-2	63.98	64.35	46	43.36	17	0.19051	3.9.2015	14:52:04	1441291924
1	3600	-2	63.88	64.18	46.97	43.46	16.99	0.19053	3.9.2015	14:52:05	1441291925
1	3600	-2	63.79	64	46.39	43.46	16.99	0.18995	3.9.2015	14:52:07	1441291927
1	3600	-2	63.93	63.97	46	43.26	17.01	0.19036	3.9.2015	14:52:08	1441291928
1	3600	-2	64.13	63.96	46.78	43.75	17.01	0.1907	3.9.2015	14:52:09	1441291929
1	3600	-2	63.84	64.06	46.39	43.55	16.99	0.1902	3.9.2015	14:52:10	1441291930
1	3600	-2	63.96	64.44	46.68	43.55	16.98	0.19084	3.9.2015	14:52:11	1441291931
1	3600	-2	63.96	64.2	46.29	42.97	16.97	0.19016	3.9.2015	14:52:12	1441291932
1	3600	-2	63.86	64.28	46	43.46	17.01	0.19011	3.9.2015	14:52:14	1441291934
1	3600	-2	64.26	64.65	46.97	43.07	17	0.19025	3.9.2015	14:52:15	1441291935
1	3600	-2	63.91	64.52	46.39	43.07	16.97	0.19034	3.9.2015	14:52:16	1441291936
